nav,cumulative_nav_withdrawal,cumulative_nav,price_change,price_date
1.0,1.0,1.0,0.0,2020-06-03
1.0,1.0,1.0,0.0,2020-06-04
1.0,1.0,1.0,0.0,2020-06-05
1.0,1.0,1.0,0.0,2020-06-08
1.0,1.0,1.0,0.0,2020-06-09
1.0,1.0,1.0,0.0,2020-06-10
0.999,0.999,0.999,-0.001,2020-06-11
0.999,0.999,0.999,0.0,2020-06-12
0.999,0.999,0.999,0.0,2020-06-15
1.0,1.0,1.0,0.001001001,2020-06-16
1.0,1.0,1.0,0.0,2020-06-17
1.0,1.0,1.0,0.0,2020-06-18
1.001,1.001,1.001,0.001,2020-06-19
0.999,0.999,0.999,-0.001998002,2020-06-22
1.0,1.0,1.0,0.001001001,2020-06-23
0.999,0.999,0.999,-0.001,2020-06-24
0.994,0.994,0.994,-0.005005005,2020-06-29
0.996,0.996,0.996,0.0020120724,2020-06-30
0.998,0.998,0.998,0.0020080321,2020-07-01
1.007,1.007,1.007,0.0090180361,2020-07-02
1.014,1.014,1.014,0.0069513406,2020-07-03
1.044,1.044,1.044,0.0295857988,2020-07-06
1.042,1.042,1.042,-0.0019157088,2020-07-07
1.064,1.064,1.064,0.0211132438,2020-07-08
1.087,1.087,1.087,0.0216165414,2020-07-09
1.074,1.074,1.074,-0.0119595216,2020-07-10
1.099,1.099,1.099,0.0232774674,2020-07-13
1.106,1.106,1.106,0.0063694268,2020-07-14
1.087,1.087,1.087,-0.0171790235,2020-07-15
1.064,1.064,1.064,-0.0211591536,2020-07-16
1.061,1.061,1.061,-0.0028195489,2020-07-17
1.078,1.078,1.078,0.0160226202,2020-07-20
1.073,1.073,1.073,-0.0046382189,2020-07-21
1.078,1.078,1.078,0.0046598322,2020-07-22
1.082,1.082,1.082,0.0037105751,2020-07-23
1.073,1.073,1.073,-0.0083179298,2020-07-24
1.072,1.072,1.072,-0.0009319664,2020-07-27
1.073,1.073,1.073,0.0009328358,2020-07-28
1.079,1.079,1.079,0.0055917987,2020-07-29
1.078,1.078,1.078,-0.0009267841,2020-07-30
1.08,1.08,1.08,0.0018552876,2020-07-31
1.093,1.093,1.093,0.012037037,2020-08-03
1.088,1.088,1.088,-0.0045745654,2020-08-04
1.091,1.091,1.091,0.0027573529,2020-08-05
1.086,1.086,1.086,-0.0045829514,2020-08-06
1.085,1.085,1.085,-0.0009208103,2020-08-07
1.087,1.087,1.087,0.001843318,2020-08-10
1.083,1.083,1.083,-0.0036798528,2020-08-11
1.088,1.088,1.088,0.0046168052,2020-08-12
1.092,1.092,1.092,0.0036764706,2020-08-13
1.094,1.094,1.094,0.0018315018,2020-08-14
1.101,1.101,1.101,0.0063985375,2020-08-17
1.101,1.101,1.101,0.0,2020-08-18
1.098,1.098,1.098,-0.0027247956,2020-08-19
1.096,1.096,1.096,-0.0018214936,2020-08-20
1.106,1.106,1.106,0.0091240876,2020-08-21
1.111,1.111,1.111,0.0045207957,2020-08-24
1.119,1.119,1.119,0.0072007201,2020-08-25
1.136,1.136,1.136,0.0151921358,2020-08-26
1.14,1.14,1.14,0.0035211268,2020-08-27
1.14,1.14,1.14,0.0,2020-08-28
1.14,1.14,1.14,0.0,2020-08-31
1.142,1.142,1.142,0.001754386,2020-09-01
1.147,1.147,1.147,0.0043782837,2020-09-02
1.141,1.141,1.141,-0.0052310375,2020-09-03
1.138,1.138,1.138,-0.0026292726,2020-09-04
1.134,1.134,1.134,-0.0035149385,2020-09-07
1.139,1.139,1.139,0.0044091711,2020-09-08
1.137,1.137,1.137,-0.0017559263,2020-09-09
1.128,1.128,1.128,-0.0079155673,2020-09-10
1.13,1.13,1.13,0.0017730496,2020-09-11
1.132,1.132,1.132,0.0017699115,2020-09-14
1.131,1.131,1.131,-0.0008833922,2020-09-15
1.129,1.129,1.129,-0.0017683466,2020-09-16
1.13,1.13,1.13,0.0008857396,2020-09-17
1.132,1.132,1.132,0.0017699115,2020-09-18
1.133,1.133,1.133,0.0008833922,2020-09-21
1.129,1.129,1.129,-0.0035304501,2020-09-22
1.13,1.13,1.13,0.0008857396,2020-09-23
1.125,1.125,1.125,-0.0044247788,2020-09-24
1.124,1.124,1.124,-0.0008888889,2020-09-25
1.122,1.122,1.122,-0.0017793594,2020-09-28
1.124,1.124,1.124,0.0017825312,2020-09-29
1.124,1.124,1.124,0.0,2020-09-30
1.129,1.129,1.129,0.0044483986,2020-10-09
1.137,1.137,1.137,0.0070859167,2020-10-12
1.137,1.137,1.137,0.0,2020-10-13
1.139,1.139,1.139,0.001759015,2020-10-14
1.14,1.14,1.14,0.0008779631,2020-10-15
1.138,1.138,1.138,-0.001754386,2020-10-16
1.137,1.137,1.137,-0.0008787346,2020-10-19
1.139,1.139,1.139,0.001759015,2020-10-20
1.137,1.137,1.137,-0.0017559263,2020-10-21
1.136,1.136,1.136,-0.0008795075,2020-10-22
1.13,1.13,1.13,-0.0052816901,2020-10-23
1.132,1.132,1.132,0.0017699115,2020-10-26
1.133,1.133,1.133,0.0008833922,2020-10-27
1.133,1.133,1.133,0.0,2020-10-28
1.137,1.137,1.137,0.0035304501,2020-10-29
1.133,1.133,1.133,-0.0035180299,2020-10-30
1.136,1.136,1.136,0.0026478376,2020-11-02
1.142,1.142,1.142,0.0052816901,2020-11-03
1.14,1.14,1.14,-0.0017513135,2020-11-04
1.152,1.152,1.152,0.0105263158,2020-11-05
1.145,1.145,1.145,-0.0060763889,2020-11-06
1.156,1.156,1.156,0.0096069869,2020-11-09
1.145,1.145,1.145,-0.0095155709,2020-11-10
1.135,1.135,1.135,-0.0087336245,2020-11-11
1.138,1.138,1.138,0.0026431718,2020-11-12
1.134,1.134,1.134,-0.0035149385,2020-11-13
1.14,1.14,1.14,0.0052910053,2020-11-16
1.138,1.138,1.138,-0.001754386,2020-11-17
1.143,1.143,1.143,0.0043936731,2020-11-18
1.148,1.148,1.148,0.0043744532,2020-11-19
1.148,1.148,1.148,0.0,2020-11-20
1.15,1.15,1.15,0.0017421603,2020-11-23
1.152,1.152,1.152,0.0017391304,2020-11-24
1.154,1.154,1.154,0.0017361111,2020-11-25
1.156,1.156,1.156,0.0017331023,2020-11-26
1.152,1.152,1.152,-0.0034602076,2020-11-27
1.143,1.143,1.143,-0.0078125,2020-11-30
1.153,1.153,1.153,0.0087489064,2020-12-01
1.15,1.15,1.15,-0.0026019081,2020-12-02
1.142,1.142,1.142,-0.0069565217,2020-12-03
1.143,1.143,1.143,0.0008756567,2020-12-04
1.144,1.144,1.144,0.0008748906,2020-12-07
1.163,1.163,1.163,0.0166083916,2020-12-08
1.157,1.157,1.157,-0.0051590714,2020-12-09
1.155,1.155,1.155,-0.0017286085,2020-12-10
1.148,1.148,1.148,-0.0060606061,2020-12-11
1.148,1.148,1.148,0.0,2020-12-14
1.155,1.155,1.155,0.006097561,2020-12-15
1.15,1.15,1.15,-0.0043290043,2020-12-16
1.152,1.152,1.152,0.0017391304,2020-12-17
1.152,1.152,1.152,0.0,2020-12-18
1.154,1.154,1.154,0.0017361111,2020-12-21
1.144,1.144,1.144,-0.0086655113,2020-12-22
1.145,1.145,1.145,0.0008741259,2020-12-23
1.134,1.134,1.134,-0.0096069869,2020-12-24
1.137,1.137,1.137,0.0026455026,2020-12-25
1.131,1.131,1.131,-0.0052770449,2020-12-28
1.131,1.131,1.131,0.0,2020-12-29
1.134,1.134,1.134,0.0026525199,2020-12-30
1.139,1.139,1.139,0.0044091711,2020-12-31
1.145,1.145,1.145,0.0052677788,2021-01-04
1.147,1.147,1.147,0.0017467249,2021-01-05
1.144,1.144,1.144,-0.0026155187,2021-01-06
1.138,1.138,1.138,-0.0052447552,2021-01-07
1.137,1.137,1.137,-0.0008787346,2021-01-08
1.0,1.127,1.127,-0.0087950748,2021-01-11
1.001,1.128,1.128127,0.001,2021-01-12
0.992,1.119,1.117984,-0.008991009,2021-01-13
0.996,1.123,1.122492,0.0040322581,2021-01-14
0.998,1.125,1.124746,0.0020080321,2021-01-15
1.0,1.127,1.127,0.002004008,2021-01-18
1.001,1.128,1.128127,0.001,2021-01-19
1.004,1.131,1.131508,0.002997003,2021-01-20
1.005,1.132,1.132635,0.0009960159,2021-01-21
1.003,1.13,1.130381,-0.0019900498,2021-01-22
0.996,1.123,1.122492,-0.0069790628,2021-01-25
0.996,1.123,1.122492,0.0,2021-01-26
0.995,1.122,1.121365,-0.0010040161,2021-01-27
0.991,1.118,1.116857,-0.0040201005,2021-01-28
0.998,1.125,1.124746,0.0070635721,2021-01-29
1.004,1.131,1.131508,0.006012024,2021-02-01
1.006,1.133,1.133762,0.0019920319,2021-02-02
1.005,1.132,1.132635,-0.0009940358,2021-02-03
1.0,1.127,1.127,-0.0049751244,2021-02-04
1.0,1.127,1.127,0.0,2021-02-05
0.995,1.122,1.121365,-0.005,2021-02-08
0.998,1.125,1.124746,0.0030150754,2021-02-09
1.005,1.132,1.132635,0.0070140281,2021-02-10
1.018,1.145,1.147286,0.0129353234,2021-02-18
1.021,1.148,1.150667,0.0029469548,2021-02-19
1.021,1.148,1.150667,0.0,2021-02-22
1.016,1.143,1.145032,-0.0048971596,2021-02-23
1.013,1.14,1.141651,-0.0029527559,2021-02-24
1.013,1.14,1.141651,0.0,2021-02-25
1.012,1.139,1.140524,-0.0009871668,2021-02-26
1.012,1.139,1.140524,0.0,2021-03-01
1.012,1.139,1.140524,0.0,2021-03-02
1.015,1.142,1.143905,0.0029644269,2021-03-03
1.013,1.14,1.141651,-0.0019704433,2021-03-04
1.016,1.143,1.145032,0.0029615005,2021-03-05
1.014,1.141,1.142778,-0.0019685039,2021-03-08
1.01,1.137,1.13827,-0.0039447732,2021-03-09
1.008,1.135,1.136016,-0.001980198,2021-03-10
1.011,1.138,1.139397,0.0029761905,2021-03-11
1.01,1.137,1.13827,-0.0009891197,2021-03-12
1.008,1.135,1.136016,-0.001980198,2021-03-15
1.013,1.14,1.141651,0.0049603175,2021-03-16
1.014,1.141,1.142778,0.0009871668,2021-03-17
1.013,1.14,1.141651,-0.0009861933,2021-03-18
1.011,1.138,1.139397,-0.0019743337,2021-03-19
1.016,1.143,1.145032,0.0049455984,2021-03-22
1.013,1.14,1.141651,-0.0029527559,2021-03-23
1.011,1.138,1.139397,-0.0019743337,2021-03-24
1.008,1.135,1.136016,-0.0029673591,2021-03-25
1.013,1.14,1.141651,0.0049603175,2021-03-26
1.013,1.14,1.141651,0.0,2021-03-29
1.016,1.143,1.145032,0.0029615005,2021-03-30
1.016,1.143,1.145032,0.0,2021-03-31
1.016,1.143,1.145032,0.0,2021-04-01
1.017,1.144,1.146159,0.000984252,2021-04-02
1.017,1.144,1.146159,0.0,2021-04-06
1.017,1.144,1.146159,0.0,2021-04-07
1.015,1.142,1.143905,-0.0019665683,2021-04-08
1.015,1.142,1.143905,0.0,2021-04-09
1.012,1.139,1.140524,-0.002955665,2021-04-12
1.014,1.141,1.142778,0.0019762846,2021-04-13
1.018,1.145,1.147286,0.0039447732,2021-04-14
1.016,1.143,1.145032,-0.0019646365,2021-04-15
1.02,1.147,1.14954,0.0039370079,2021-04-16
1.024,1.151,1.154048,0.0039215686,2021-04-19
1.021,1.148,1.150667,-0.0029296875,2021-04-20
1.02,1.147,1.14954,-0.0009794319,2021-04-21
1.022,1.149,1.151794,0.0019607843,2021-04-22
1.015,1.142,1.143905,-0.0068493151,2021-04-23
1.016,1.143,1.145032,0.0009852217,2021-04-26
1.016,1.143,1.145032,0.0,2021-04-27
1.015,1.142,1.143905,-0.000984252,2021-04-28
1.017,1.144,1.146159,0.0019704433,2021-04-29
1.012,1.139,1.140524,-0.0049164208,2021-04-30
1.012,1.139,1.140524,0.0,2021-05-06
1.012,1.139,1.140524,0.0,2021-05-07
1.013,1.14,1.141651,0.0009881423,2021-05-10
1.014,1.141,1.142778,0.0009871668,2021-05-11
1.016,1.143,1.145032,0.0019723866,2021-05-12
1.014,1.141,1.142778,-0.0019685039,2021-05-13
1.017,1.144,1.146159,0.0029585799,2021-05-14
1.012,1.139,1.140524,-0.0049164208,2021-05-17
1.014,1.141,1.142778,0.0019762846,2021-05-18
1.013,1.14,1.141651,-0.0009861933,2021-05-19
1.009,1.136,1.137143,-0.0039486673,2021-05-20
1.013,1.14,1.141651,0.0039643211,2021-05-21
1.018,1.145,1.147286,0.0049358342,2021-05-24
1.018,1.145,1.147286,0.0,2021-05-25
1.021,1.148,1.150667,0.0029469548,2021-05-26
1.022,1.149,1.151794,0.0009794319,2021-05-27
1.018,1.145,1.147286,-0.0039138943,2021-05-28
1.02,1.147,1.14954,0.0019646365,2021-05-31
1.024,1.151,1.154048,0.0039215686,2021-06-01
1.025,1.152,1.155175,0.0009765625,2021-06-02
1.022,1.149,1.151794,-0.0029268293,2021-06-03
1.019,1.146,1.148413,-0.0029354207,2021-06-04
1.022,1.149,1.151794,0.0029440628,2021-06-07
1.03,1.157,1.16081,0.0078277886,2021-06-08
1.031,1.158,1.161937,0.0009708738,2021-06-09
1.034,1.161,1.165318,0.0029097963,2021-06-10
1.03,1.157,1.16081,-0.003868472,2021-06-11
1.031,1.158,1.161937,0.0009708738,2021-06-15
1.03,1.157,1.16081,-0.0009699321,2021-06-16
1.031,1.158,1.161937,0.0009708738,2021-06-17
1.035,1.162,1.166445,0.0038797284,2021-06-18
1.037,1.164,1.168699,0.0019323671,2021-06-21
1.039,1.166,1.170953,0.0019286403,2021-06-22
1.041,1.168,1.173207,0.0019249278,2021-06-23
1.042,1.169,1.174334,0.0009606148,2021-06-24
1.04,1.167,1.17208,-0.0019193858,2021-06-25
1.042,1.169,1.174334,0.0019230769,2021-06-28
1.037,1.164,1.168699,-0.0047984645,2021-06-29
1.038,1.165,1.169826,0.0009643202,2021-06-30
1.034,1.161,1.165318,-0.0038535645,2021-07-01
1.036,1.163,1.167572,0.001934236,2021-07-02
1.041,1.168,1.173207,0.0048262548,2021-07-05
1.04,1.167,1.17208,-0.0009606148,2021-07-06
1.041,1.168,1.173207,0.0009615385,2021-07-07
1.039,1.166,1.170953,-0.0019212296,2021-07-08
1.042,1.169,1.174334,0.0028873917,2021-07-09
1.053,1.18,1.186731,0.0105566219,2021-07-12
1.058,1.185,1.192366,0.0047483381,2021-07-13
1.057,1.184,1.191239,-0.0009451796,2021-07-14
1.049,1.176,1.182223,-0.0075685904,2021-07-15
1.054,1.181,1.187858,0.0047664442,2021-07-16
1.051,1.178,1.184477,-0.0028462998,2021-07-19
1.05,1.177,1.18335,-0.0009514748,2021-07-20
1.053,1.18,1.186731,0.0028571429,2021-07-21
1.055,1.182,1.188985,0.0018993352,2021-07-22
1.048,1.175,1.181096,-0.0066350711,2021-07-23
1.043,1.17,1.175461,-0.0047709924,2021-07-26
1.04,1.167,1.17208,-0.0028763183,2021-07-27
1.037,1.164,1.168699,-0.0028846154,2021-07-28
1.039,1.166,1.170953,0.0019286403,2021-07-29
1.041,1.168,1.173207,0.0019249278,2021-07-30
1.045,1.172,1.177715,0.0038424592,2021-08-02
1.049,1.176,1.182223,0.0038277512,2021-08-03
1.049,1.176,1.182223,0.0,2021-08-04
1.048,1.175,1.181096,-0.0009532888,2021-08-05
1.047,1.174,1.179969,-0.0009541985,2021-08-06
1.051,1.178,1.184477,0.0038204394,2021-08-09
1.055,1.182,1.188985,0.0038058991,2021-08-10
1.056,1.183,1.190112,0.0009478673,2021-08-11
1.059,1.186,1.193493,0.0028409091,2021-08-12
1.059,1.186,1.193493,0.0,2021-08-13
1.058,1.185,1.192366,-0.0009442871,2021-08-16
1.052,1.179,1.185604,-0.0056710775,2021-08-17
1.054,1.181,1.187858,0.0019011407,2021-08-18
1.052,1.179,1.185604,-0.0018975332,2021-08-19
1.051,1.178,1.184477,-0.0009505703,2021-08-20
1.055,1.182,1.188985,0.0038058991,2021-08-23
1.054,1.181,1.187858,-0.0009478673,2021-08-24
1.054,1.181,1.187858,0.0,2021-08-25
1.05,1.177,1.18335,-0.0037950664,2021-08-26
1.052,1.179,1.185604,0.0019047619,2021-08-27
1.051,1.178,1.184477,-0.0009505703,2021-08-30
1.053,1.18,1.186731,0.0019029496,2021-08-31
1.051,1.178,1.184477,-0.0018993352,2021-09-01
1.053,1.18,1.186731,0.0019029496,2021-09-02
1.053,1.18,1.186731,0.0,2021-09-03
1.057,1.184,1.191239,0.0037986705,2021-09-06
1.065,1.192,1.200255,0.0075685904,2021-09-07
1.069,1.196,1.204763,0.0037558685,2021-09-08
1.069,1.196,1.204763,0.0,2021-09-09
1.066,1.193,1.201382,-0.0028063611,2021-09-10
1.07,1.197,1.20589,0.0037523452,2021-09-13
1.064,1.191,1.199128,-0.0056074766,2021-09-14
1.069,1.196,1.204763,0.0046992481,2021-09-15
1.064,1.191,1.199128,-0.0046772685,2021-09-16
1.061,1.188,1.195747,-0.0028195489,2021-09-17
1.064,1.191,1.199128,0.0028275212,2021-09-22
1.068,1.195,1.203636,0.0037593985,2021-09-23
1.063,1.19,1.198001,-0.0046816479,2021-09-24
1.054,1.181,1.187858,-0.008466604,2021-09-27
1.057,1.184,1.191239,0.0028462998,2021-09-28
1.05,1.177,1.18335,-0.0066225166,2021-09-29
1.055,1.182,1.188985,0.0047619048,2021-09-30
1.06,1.187,1.19462,0.0047393365,2021-10-08
1.059,1.186,1.193493,-0.0009433962,2021-10-11
1.056,1.183,1.190112,-0.0028328612,2021-10-12
1.055,1.182,1.188985,-0.0009469697,2021-10-13
1.055,1.182,1.188985,0.0,2021-10-14
1.056,1.183,1.190112,0.0009478673,2021-10-15
1.059,1.186,1.193493,0.0028409091,2021-10-18
1.062,1.189,1.196874,0.0028328612,2021-10-19
1.061,1.188,1.195747,-0.0009416196,2021-10-20
1.061,1.188,1.195747,0.0,2021-10-21
1.059,1.186,1.193493,-0.0018850141,2021-10-22
1.06,1.187,1.19462,0.0009442871,2021-10-25
1.062,1.189,1.196874,0.0018867925,2021-10-26
1.057,1.184,1.191239,-0.0047080979,2021-10-27
1.053,1.18,1.186731,-0.0037842952,2021-10-28
1.058,1.185,1.192366,0.0047483381,2021-10-29
1.06,1.187,1.19462,0.0018903592,2021-11-01
1.054,1.181,1.187858,-0.0056603774,2021-11-02
1.056,1.183,1.190112,0.0018975332,2021-11-03
1.059,1.186,1.193493,0.0028409091,2021-11-04
1.057,1.184,1.191239,-0.0018885741,2021-11-05
1.056,1.183,1.190112,-0.0009460738,2021-11-08
1.058,1.185,1.192366,0.0018939394,2021-11-09
1.059,1.186,1.193493,0.0009451796,2021-11-10
1.06,1.187,1.19462,0.0009442871,2021-11-11
1.062,1.189,1.196874,0.0018867925,2021-11-12
1.066,1.193,1.201382,0.0037664783,2021-11-15
1.063,1.19,1.198001,-0.0028142589,2021-11-16
1.07,1.197,1.20589,0.0065851364,2021-11-17
1.069,1.196,1.204763,-0.0009345794,2021-11-18
1.074,1.201,1.210398,0.0046772685,2021-11-19
1.074,1.201,1.210398,0.0,2021-11-22
1.072,1.199,1.208144,-0.0018621974,2021-11-23
1.079,1.206,1.216033,0.0065298507,2021-11-24
1.089,1.216,1.227303,0.0092678406,2021-11-25
1.088,1.215,1.226176,-0.0009182736,2021-11-26
1.084,1.211,1.221668,-0.0036764706,2021-11-29
1.092,1.219,1.230684,0.0073800738,2021-11-30
1.101,1.228,1.240827,0.0082417582,2021-12-01
1.091,1.218,1.229557,-0.0090826521,2021-12-02
1.095,1.222,1.234065,0.0036663611,2021-12-03
1.086,1.213,1.223922,-0.0082191781,2021-12-06
1.081,1.208,1.218287,-0.0046040516,2021-12-07
1.086,1.213,1.223922,0.0046253469,2021-12-08
1.089,1.216,1.227303,0.0027624309,2021-12-09
1.096,1.223,1.235192,0.0064279155,2021-12-10
1.096,1.223,1.235192,0.0,2021-12-13
1.101,1.228,1.240827,0.0045620438,2021-12-14
1.1,1.227,1.2397,-0.0009082652,2021-12-15
1.101,1.228,1.240827,0.0009090909,2021-12-16
1.098,1.225,1.237446,-0.0027247956,2021-12-17
1.099,1.226,1.238573,0.0009107468,2021-12-20
1.106,1.233,1.246462,0.0063694268,2021-12-21
1.106,1.233,1.246462,0.0,2021-12-22
1.101,1.228,1.240827,-0.0045207957,2021-12-23
1.104,1.231,1.244208,0.0027247956,2021-12-24
1.122,1.249,1.264494,0.0163043478,2021-12-27
1.123,1.25,1.265621,0.0008912656,2021-12-28
1.123,1.25,1.265621,0.0,2021-12-29
1.126,1.253,1.269002,0.0026714159,2021-12-30
1.135,1.262,1.279145,0.0079928952,2021-12-31
1.142,1.269,1.287034,0.0061674009,2022-01-04
1.138,1.265,1.282526,-0.003502627,2022-01-05
1.138,1.265,1.282526,0.0,2022-01-06
1.134,1.261,1.278018,-0.0035149385,2022-01-07
1.137,1.264,1.281399,0.0026455026,2022-01-10
1.134,1.261,1.278018,-0.0026385224,2022-01-11
1.135,1.262,1.279145,0.0008818342,2022-01-12
1.0,1.259,1.275764,-0.0026431718,2022-01-13
0.996,1.255,1.27066094,-0.004,2022-01-14
1.004,1.263,1.28086706,0.0080321285,2022-01-17
1.004,1.263,1.28086706,0.0,2022-01-18
1.004,1.263,1.28086706,0.0,2022-01-19
0.997,1.256,1.27193671,-0.0069721116,2022-01-20
0.993,1.252,1.26683365,-0.0040120361,2022-01-21
0.996,1.255,1.27066094,0.003021148,2022-01-24
0.985,1.244,1.25662754,-0.0110441767,2022-01-25
0.986,1.245,1.2579033,0.0010152284,2022-01-26
0.979,1.238,1.24897296,-0.0070993915,2022-01-27
0.984,1.243,1.25535178,0.0051072523,2022-01-28
0.988,1.247,1.26045483,0.0040650407,2022-02-07
0.995,1.254,1.26938518,0.0070850202,2022-02-08
0.998,1.257,1.27321247,0.0030150754,2022-02-09
0.999,1.258,1.27448824,0.001002004,2022-02-10
0.994,1.253,1.26810942,-0.005005005,2022-02-11
0.993,1.252,1.26683365,-0.0010060362,2022-02-14
0.993,1.252,1.26683365,0.0,2022-02-15
0.998,1.257,1.27321247,0.0050352467,2022-02-16
0.996,1.255,1.27066094,-0.002004008,2022-02-17
0.998,1.257,1.27321247,0.0020080321,2022-02-18
1.004,1.263,1.28086706,0.006012024,2022-02-21
0.999,1.258,1.27448824,-0.0049800797,2022-02-22
1.003,1.262,1.27959129,0.004004004,2022-02-23
0.993,1.252,1.26683365,-0.0099700897,2022-02-24
0.997,1.256,1.27193671,0.0040281974,2022-02-25
0.997,1.256,1.27193671,0.0,2022-02-28
0.997,1.256,1.27193671,0.0,2022-03-01
0.998,1.257,1.27321247,0.001003009,2022-03-02
1.006,1.265,1.28341858,0.0080160321,2022-03-03
1.002,1.261,1.27831553,-0.0039761431,2022-03-04
0.998,1.257,1.27321247,-0.003992016,2022-03-07
0.987,1.246,1.25917907,-0.0110220441,2022-03-08
0.976,1.235,1.24514566,-0.0111448835,2022-03-09
0.978,1.237,1.24769719,0.0020491803,2022-03-10
0.988,1.247,1.26045483,0.0102249489,2022-03-11
0.981,1.24,1.25152448,-0.0070850202,2022-03-14
0.969,1.228,1.23621532,-0.0122324159,2022-03-15
0.973,1.232,1.24131837,0.004127967,2022-03-16
0.977,1.236,1.24642143,0.0041109969,2022-03-17
0.984,1.243,1.25535178,0.0071647902,2022-03-18
0.985,1.244,1.25662754,0.0010162602,2022-03-21
0.985,1.244,1.25662754,0.0,2022-03-22
0.984,1.243,1.25535178,-0.0010152284,2022-03-23
0.984,1.243,1.25535178,0.0,2022-03-24
0.985,1.244,1.25662754,0.0010162602,2022-03-25
0.986,1.245,1.2579033,0.0010152284,2022-03-28
0.986,1.245,1.2579033,0.0,2022-03-29
0.987,1.246,1.25917907,0.0010141988,2022-03-30
0.988,1.247,1.26045483,0.0010131712,2022-03-31
0.988,1.247,1.26045483,0.0,2022-04-01
0.991,1.25,1.26428212,0.0030364372,2022-04-06
0.988,1.247,1.26045483,-0.0030272452,2022-04-07
0.987,1.246,1.25917907,-0.0010121457,2022-04-08
0.98,1.239,1.25024872,-0.0070921986,2022-04-11
0.984,1.243,1.25535178,0.0040816327,2022-04-12
0.986,1.245,1.2579033,0.0020325203,2022-04-13
0.991,1.25,1.26428212,0.0050709939,2022-04-14
0.988,1.247,1.26045483,-0.0030272452,2022-04-15
0.993,1.252,1.26683365,0.0050607287,2022-04-18
0.995,1.254,1.26938518,0.0020140987,2022-04-19
0.998,1.257,1.27321247,0.0030150754,2022-04-20
0.988,1.247,1.26045483,-0.0100200401,2022-04-21
0.99,1.249,1.26300636,0.0020242915,2022-04-22
0.968,1.227,1.23493955,-0.0222222222,2022-04-25
0.966,1.225,1.23238802,-0.0020661157,2022-04-26
0.979,1.238,1.24897296,0.0134575569,2022-04-27
0.98,1.239,1.25024872,0.0010214505,2022-04-28
0.993,1.252,1.26683365,0.0132653061,2022-04-29
0.997,1.256,1.27193671,0.0040281974,2022-05-05
0.999,1.258,1.27448824,0.0020060181,2022-05-06
1.009,1.268,1.28724588,0.01001001,2022-05-09
1.006,1.265,1.28341858,-0.0029732408,2022-05-10
1.0,1.259,1.275764,-0.0059642147,2022-05-11
1.002,1.261,1.27831553,0.002,2022-05-12
1.002,1.261,1.27831553,0.0,2022-05-13
1.0,1.259,1.275764,-0.001996008,2022-05-16
1.008,1.267,1.28597011,0.008,2022-05-17
1.011,1.27,1.2897974,0.0029761905,2022-05-18
1.013,1.272,1.29234893,0.0019782394,2022-05-19
1.017,1.276,1.29745199,0.0039486673,2022-05-20
1.023,1.282,1.30510657,0.005899705,2022-05-23
1.013,1.272,1.29234893,-0.0097751711,2022-05-24
1.019,1.278,1.30000352,0.005923001,2022-05-25
1.022,1.281,1.30383081,0.0029440628,2022-05-26
1.022,1.281,1.30383081,0.0,2022-05-27
1.026,1.285,1.30893386,0.0039138943,2022-05-30
1.031,1.29,1.31531268,0.0048732943,2022-05-31
1.034,1.293,1.31913998,0.0029097963,2022-06-01
1.033,1.292,1.31786421,-0.000967118,2022-06-02
1.035,1.294,1.32041574,0.0019361084,2022-06-06
1.034,1.293,1.31913998,-0.0009661836,2022-06-07
1.034,1.293,1.31913998,0.0,2022-06-08
1.03,1.289,1.31403692,-0.003868472,2022-06-09
1.033,1.292,1.31786421,0.0029126214,2022-06-10
1.034,1.293,1.31913998,0.0009680542,2022-06-13
1.032,1.291,1.31658845,-0.001934236,2022-06-14
1.034,1.293,1.31913998,0.0019379845,2022-06-15
1.039,1.298,1.3255188,0.0048355899,2022-06-16
1.038,1.297,1.32424303,-0.0009624639,2022-06-17
1.04,1.299,1.32679456,0.0019267823,2022-06-20
1.04,1.299,1.32679456,0.0,2022-06-21
1.035,1.294,1.32041574,-0.0048076923,2022-06-22
1.038,1.297,1.32424303,0.0028985507,2022-06-23
1.039,1.298,1.3255188,0.0009633911,2022-06-24
1.04,1.299,1.32679456,0.0009624639,2022-06-27
1.044,1.303,1.33189762,0.0038461538,2022-06-28
1.04,1.299,1.32679456,-0.0038314176,2022-06-29
1.042,1.301,1.32934609,0.0019230769,2022-06-30
1.043,1.302,1.33062185,0.0009596929,2022-07-01
1.043,1.302,1.33062185,0.0,2022-07-04
1.038,1.297,1.32424303,-0.0047938639,2022-07-05
1.036,1.295,1.3216915,-0.0019267823,2022-07-06
1.036,1.295,1.3216915,0.0,2022-07-07
1.037,1.296,1.32296727,0.000965251,2022-07-08
1.03,1.289,1.31403692,-0.0067502411,2022-07-11
1.026,1.285,1.30893386,-0.0038834951,2022-07-12
1.028,1.287,1.31148539,0.0019493177,2022-07-13
1.03,1.289,1.31403692,0.0019455253,2022-07-14
1.026,1.285,1.30893386,-0.0038834951,2022-07-15
1.029,1.288,1.31276116,0.0029239766,2022-07-18
1.032,1.291,1.31658845,0.0029154519,2022-07-19
1.033,1.292,1.31786421,0.0009689922,2022-07-20
1.031,1.29,1.31531268,-0.0019361084,2022-07-21
1.027,1.286,1.31020963,-0.0038797284,2022-07-22
1.026,1.285,1.30893386,-0.0009737098,2022-07-25
1.028,1.287,1.31148539,0.0019493177,2022-07-26
1.028,1.287,1.31148539,0.0,2022-07-27
1.03,1.289,1.31403692,0.0019455253,2022-07-28
1.025,1.284,1.3076581,-0.0048543689,2022-07-29
1.024,1.283,1.30638234,-0.0009756098,2022-08-01
1.011,1.27,1.2897974,-0.0126953125,2022-08-02
1.011,1.27,1.2897974,0.0,2022-08-03
1.013,1.272,1.29234893,0.0019782394,2022-08-04
1.02,1.279,1.30127928,0.0069101678,2022-08-05
1.021,1.28,1.30255504,0.0009803922,2022-08-08
1.022,1.281,1.30383081,0.0009794319,2022-08-09
1.021,1.28,1.30255504,-0.0009784736,2022-08-10
1.027,1.286,1.31020963,0.0058765916,2022-08-11
1.027,1.286,1.31020963,0.0,2022-08-12
1.025,1.284,1.3076581,-0.0019474197,2022-08-15
1.026,1.285,1.30893386,0.0009756098,2022-08-16
1.028,1.287,1.31148539,0.0019493177,2022-08-17
1.026,1.285,1.30893386,-0.0019455253,2022-08-18
1.025,1.284,1.3076581,-0.0009746589,2022-08-19
1.031,1.29,1.31531268,0.0058536585,2022-08-22
1.032,1.291,1.31658845,0.0009699321,2022-08-23
1.024,1.283,1.30638234,-0.007751938,2022-08-24
1.028,1.287,1.31148539,0.00390625,2022-08-25
1.028,1.287,1.31148539,0.0,2022-08-26
1.023,1.282,1.30510657,-0.0048638132,2022-08-29
1.03,1.289,1.31403692,0.0068426197,2022-08-30
1.028,1.287,1.31148539,-0.0019417476,2022-08-31
1.024,1.283,1.30638234,-0.0038910506,2022-09-01
1.032,1.291,1.31658845,0.0078125,2022-09-02
1.029,1.288,1.31276116,-0.0029069767,2022-09-05
1.032,1.291,1.31658845,0.0029154519,2022-09-06
1.027,1.286,1.31020963,-0.0048449612,2022-09-07
1.025,1.284,1.3076581,-0.0019474197,2022-09-08
1.027,1.286,1.31020963,0.0019512195,2022-09-09
1.025,1.284,1.3076581,-0.0019474197,2022-09-13
1.023,1.282,1.30510657,-0.0019512195,2022-09-14
1.021,1.28,1.30255504,-0.0019550342,2022-09-15
1.016,1.275,1.29617622,-0.0048971596,2022-09-16
1.011,1.27,1.2897974,-0.0049212598,2022-09-19
1.013,1.272,1.29234893,0.0019782394,2022-09-20
1.015,1.274,1.29490046,0.0019743337,2022-09-21
1.012,1.271,1.29107317,-0.002955665,2022-09-22
1.008,1.267,1.28597011,-0.0039525692,2022-09-23
1.003,1.262,1.27959129,-0.0049603175,2022-09-26
1.009,1.268,1.28724588,0.0059820538,2022-09-27
1.006,1.265,1.28341858,-0.0029732408,2022-09-28
1.002,1.261,1.27831553,-0.0039761431,2022-09-29
1.005,1.264,1.28214282,0.002994012,2022-09-30
0.999,1.258,1.27448824,-0.0059701493,2022-10-10
1.0,1.259,1.275764,0.001001001,2022-10-11
1.007,1.266,1.28469435,0.007,2022-10-12
1.008,1.267,1.28597011,0.0009930487,2022-10-13
1.012,1.271,1.29107317,0.003968254,2022-10-14
1.015,1.274,1.29490046,0.0029644269,2022-10-17
1.014,1.273,1.2936247,-0.0009852217,2022-10-18
1.008,1.267,1.28597011,-0.0059171598,2022-10-19
1.009,1.268,1.28724588,0.0009920635,2022-10-20
1.006,1.265,1.28341858,-0.0029732408,2022-10-21
0.999,1.258,1.27448824,-0.0069582505,2022-10-24
0.997,1.256,1.27193671,-0.002002002,2022-10-25
1.002,1.261,1.27831553,0.0050150451,2022-10-26
1.004,1.263,1.28086706,0.001996008,2022-10-27
0.998,1.257,1.27321247,-0.0059760956,2022-10-28
1.0,1.259,1.275764,0.002004008,2022-10-31
1.007,1.266,1.28469435,0.007,2022-11-01
1.012,1.271,1.29107317,0.0049652433,2022-11-02
1.011,1.27,1.2897974,-0.0009881423,2022-11-03
1.016,1.275,1.29617622,0.0049455984,2022-11-04
1.022,1.281,1.30383081,0.0059055118,2022-11-07
1.021,1.28,1.30255504,-0.0009784736,2022-11-08
1.02,1.279,1.30127928,-0.0009794319,2022-11-09
1.02,1.279,1.30127928,0.0,2022-11-10
1.021,1.28,1.30255504,0.0009803922,2022-11-11
1.02,1.279,1.30127928,-0.0009794319,2022-11-14
1.03,1.289,1.31403692,0.0098039216,2022-11-15
1.033,1.292,1.31786421,0.0029126214,2022-11-16
1.037,1.296,1.32296727,0.0038722168,2022-11-17
1.034,1.293,1.31913998,-0.0028929605,2022-11-18
1.032,1.291,1.31658845,-0.001934236,2022-11-21
1.031,1.29,1.31531268,-0.0009689922,2022-11-22
1.029,1.288,1.31276116,-0.0019398642,2022-11-23
1.025,1.284,1.3076581,-0.0038872692,2022-11-24
1.025,1.284,1.3076581,0.0,2022-11-25
1.024,1.283,1.30638234,-0.0009756098,2022-11-28
1.029,1.288,1.31276116,0.0048828125,2022-11-29
1.027,1.286,1.31020963,-0.0019436346,2022-11-30
1.033,1.292,1.31786421,0.005842259,2022-12-01
1.038,1.297,1.32424303,0.0048402711,2022-12-02
1.048,1.307,1.33700067,0.0096339114,2022-12-05
1.043,1.302,1.33062185,-0.0047709924,2022-12-06
1.044,1.303,1.33189762,0.0009587728,2022-12-07
1.041,1.3,1.32807032,-0.0028735632,2022-12-08
1.038,1.297,1.32424303,-0.0028818444,2022-12-09
1.035,1.294,1.32041574,-0.0028901734,2022-12-12
1.036,1.295,1.3216915,0.0009661836,2022-12-13
1.034,1.293,1.31913998,-0.0019305019,2022-12-14
1.035,1.294,1.32041574,0.000967118,2022-12-15
1.028,1.287,1.31148539,-0.006763285,2022-12-16
1.02,1.279,1.30127928,-0.0077821012,2022-12-19
1.019,1.278,1.30000352,-0.0009803922,2022-12-20
1.017,1.276,1.29745199,-0.0019627085,2022-12-21
1.015,1.274,1.29490046,-0.0019665683,2022-12-22
1.017,1.276,1.29745199,0.0019704433,2022-12-23
1.023,1.282,1.30510657,0.005899705,2022-12-26
1.025,1.284,1.3076581,0.0019550342,2022-12-27
1.025,1.284,1.3076581,0.0,2022-12-28
1.024,1.283,1.30638234,-0.0009756098,2022-12-29
1.028,1.287,1.31148539,0.00390625,2022-12-30
1.037,1.296,1.32296727,0.0087548638,2023-01-03
1.037,1.296,1.32296727,0.0,2023-01-04
1.037,1.296,1.32296727,0.0,2023-01-05
1.0,1.294,1.32041574,-0.0019286403,2023-01-06
0.999,1.293,1.31909532,-0.001,2023-01-09
0.999,1.293,1.31909532,0.0,2023-01-10
0.996,1.29,1.31513408,-0.003003003,2023-01-11
0.998,1.292,1.31777491,0.0020080321,2023-01-12
1.001,1.295,1.32173616,0.003006012,2023-01-13
1.004,1.298,1.3256974,0.002997003,2023-01-16
1.002,1.296,1.32305657,-0.0019920319,2023-01-17
1.007,1.301,1.32965865,0.00499002,2023-01-18
1.011,1.305,1.33494031,0.0039721946,2023-01-19
1.017,1.311,1.34286281,0.0059347181,2023-01-20
1.017,1.311,1.34286281,0.0,2023-01-30
1.018,1.312,1.34418322,0.0009832842,2023-01-31
1.027,1.321,1.35606696,0.0088408644,2023-02-01
1.031,1.325,1.36134863,0.0038948393,2023-02-02
1.034,1.328,1.36530988,0.0029097963,2023-02-03
1.036,1.33,1.36795071,0.001934236,2023-02-06
1.043,1.337,1.37719362,0.0067567568,2023-02-07
1.035,1.329,1.36663029,-0.0076701822,2023-02-08
1.047,1.341,1.38247528,0.0115942029,2023-02-09
1.055,1.349,1.39303861,0.0076408787,2023-02-10
1.057,1.351,1.39567944,0.0018957346,2023-02-13
1.063,1.357,1.40360193,0.0056764428,2023-02-14
1.066,1.36,1.40756318,0.0028222013,2023-02-15
1.061,1.355,1.4009611,-0.0046904315,2023-02-16
1.058,1.352,1.39699985,-0.0028275212,2023-02-17
1.067,1.361,1.40888359,0.0085066163,2023-02-20
1.068,1.362,1.41020401,0.0009372071,2023-02-21
1.067,1.361,1.40888359,-0.0009363296,2023-02-22
1.064,1.358,1.40492235,-0.0028116214,2023-02-23
1.067,1.361,1.40888359,0.0028195489,2023-02-24
1.064,1.358,1.40492235,-0.0028116214,2023-02-27
1.068,1.362,1.41020401,0.0037593985,2023-02-28
1.075,1.369,1.41944692,0.0065543071,2023-03-01
1.09,1.384,1.43925316,0.0139534884,2023-03-02
1.088,1.382,1.43661233,-0.0018348624,2023-03-03
1.09,1.384,1.43925316,0.0018382353,2023-03-06
1.083,1.377,1.43001025,-0.0064220183,2023-03-07
1.086,1.38,1.43397149,0.0027700831,2023-03-08
1.094,1.388,1.44453482,0.0073664825,2023-03-09
1.089,1.383,1.43793274,-0.0045703839,2023-03-10
1.102,1.396,1.45509815,0.0119375574,2023-03-13
1.102,1.396,1.45509815,0.0,2023-03-14
1.103,1.397,1.45641856,0.000907441,2023-03-15
1.1,1.394,1.45245731,-0.0027198549,2023-03-16
1.103,1.397,1.45641856,0.0027272727,2023-03-17
1.105,1.399,1.45905939,0.0018132366,2023-03-20
1.107,1.401,1.46170022,0.0018099548,2023-03-21
1.109,1.403,1.46434106,0.0018066847,2023-03-22
1.108,1.402,1.46302064,-0.0009017133,2023-03-23
1.108,1.402,1.46302064,0.0,2023-03-24
1.106,1.4,1.46037981,-0.0018050542,2023-03-27
1.105,1.399,1.45905939,-0.0009041591,2023-03-28
1.104,1.398,1.45773898,-0.0009049774,2023-03-29
1.104,1.398,1.45773898,0.0,2023-03-30
1.105,1.399,1.45905939,0.0009057971,2023-03-31
1.107,1.401,1.46170022,0.0018099548,2023-04-03
1.107,1.401,1.46170022,0.0,2023-04-04
1.106,1.4,1.46037981,-0.0009033424,2023-04-06
1.108,1.402,1.46302064,0.0018083183,2023-04-07
1.106,1.4,1.46037981,-0.0018050542,2023-04-10
1.106,1.4,1.46037981,0.0,2023-04-11
1.109,1.403,1.46434106,0.0027124774,2023-04-12
1.107,1.401,1.46170022,-0.0018034265,2023-04-13
1.108,1.402,1.46302064,0.0009033424,2023-04-14
1.106,1.4,1.46037981,-0.0018050542,2023-04-17
1.105,1.399,1.45905939,-0.0009041591,2023-04-18
1.106,1.4,1.46037981,0.0009049774,2023-04-19
1.107,1.401,1.46170022,0.0009041591,2023-04-20
1.099,1.393,1.4511369,-0.0072267389,2023-04-21
1.098,1.392,1.44981648,-0.0009099181,2023-04-24
1.093,1.387,1.4432144,-0.0045537341,2023-04-25
1.093,1.387,1.4432144,0.0,2023-04-26
1.092,1.386,1.44189399,-0.0009149131,2023-04-27
1.092,1.386,1.44189399,0.0,2023-04-28
1.09,1.384,1.43925316,-0.0018315018,2023-05-04
1.091,1.385,1.44057357,0.0009174312,2023-05-05
1.096,1.39,1.44717565,0.0045829514,2023-05-08
1.095,1.389,1.44585524,-0.0009124088,2023-05-09
1.094,1.388,1.44453482,-0.000913242,2023-05-10
1.097,1.391,1.44849607,0.0027422303,2023-05-11
1.094,1.388,1.44453482,-0.0027347311,2023-05-12
1.094,1.388,1.44453482,0.0,2023-05-15
1.091,1.385,1.44057357,-0.0027422303,2023-05-16
1.093,1.387,1.4432144,0.0018331806,2023-05-17
1.096,1.39,1.44717565,0.0027447392,2023-05-18
1.096,1.39,1.44717565,0.0,2023-05-19
1.096,1.39,1.44717565,0.0,2023-05-22
1.094,1.388,1.44453482,-0.0018248175,2023-05-23
1.091,1.385,1.44057357,-0.0027422303,2023-05-24
1.091,1.385,1.44057357,0.0,2023-05-25
1.091,1.385,1.44057357,0.0,2023-05-26
1.089,1.383,1.43793274,-0.0018331806,2023-05-29
1.093,1.387,1.4432144,0.0036730946,2023-05-30
1.097,1.391,1.44849607,0.0036596523,2023-05-31
1.098,1.392,1.44981648,0.000911577,2023-06-01
1.097,1.391,1.44849607,-0.0009107468,2023-06-02
1.09,1.384,1.43925316,-0.0063810392,2023-06-05
1.085,1.379,1.43265108,-0.004587156,2023-06-06
1.088,1.382,1.43661233,0.002764977,2023-06-07
1.088,1.382,1.43661233,0.0,2023-06-08
1.092,1.386,1.44189399,0.0036764706,2023-06-09
1.092,1.386,1.44189399,0.0,2023-06-12
1.095,1.389,1.44585524,0.0027472527,2023-06-13
1.096,1.39,1.44717565,0.000913242,2023-06-14
1.093,1.387,1.4432144,-0.0027372263,2023-06-15
1.097,1.391,1.44849607,0.0036596523,2023-06-16
1.097,1.391,1.44849607,0.0,2023-06-19
1.093,1.387,1.4432144,-0.0036463081,2023-06-20
1.086,1.38,1.43397149,-0.0064043916,2023-06-21
1.077,1.371,1.42208775,-0.0082872928,2023-06-26
1.082,1.376,1.42868983,0.0046425255,2023-06-27
1.078,1.372,1.42340817,-0.0036968577,2023-06-28
1.082,1.376,1.42868983,0.0037105751,2023-06-29
1.085,1.379,1.43265108,0.0027726433,2023-06-30
1.086,1.38,1.43397149,0.000921659,2023-07-03
1.087,1.381,1.43529191,0.0009208103,2023-07-04
1.086,1.38,1.43397149,-0.0009199632,2023-07-05
1.084,1.378,1.43133066,-0.0018416206,2023-07-06
1.085,1.379,1.43265108,0.0009225092,2023-07-07
1.088,1.382,1.43661233,0.002764977,2023-07-10
1.092,1.386,1.44189399,0.0036764706,2023-07-11
1.088,1.382,1.43661233,-0.0036630037,2023-07-12
1.099,1.393,1.4511369,0.0101102941,2023-07-13
1.1,1.394,1.45245731,0.0009099181,2023-07-14
1.101,1.395,1.45377773,0.0009090909,2023-07-17
1.101,1.395,1.45377773,0.0,2023-07-18
1.1,1.394,1.45245731,-0.0009082652,2023-07-19
1.095,1.389,1.44585524,-0.0045454545,2023-07-20
1.104,1.398,1.45773898,0.0082191781,2023-07-21
1.105,1.399,1.45905939,0.0009057971,2023-07-24
1.109,1.403,1.46434106,0.0036199095,2023-07-25
1.109,1.403,1.46434106,0.0,2023-07-26
1.108,1.402,1.46302064,-0.0009017133,2023-07-27
1.114,1.408,1.47094313,0.0054151625,2023-07-28
1.121,1.415,1.48018604,0.0062836625,2023-07-31
1.121,1.415,1.48018604,0.0,2023-08-01
1.118,1.412,1.4762248,-0.002676182,2023-08-02
1.118,1.412,1.4762248,0.0,2023-08-03
1.121,1.415,1.48018604,0.0026833631,2023-08-04
1.119,1.413,1.47754521,-0.0017841213,2023-08-07
1.12,1.414,1.47886563,0.000893655,2023-08-08
1.119,1.413,1.47754521,-0.0008928571,2023-08-09
1.119,1.413,1.47754521,0.0,2023-08-10
1.116,1.41,1.47358397,-0.0026809651,2023-08-11
1.116,1.41,1.47358397,0.0,2023-08-14
1.115,1.409,1.47226355,-0.0008960573,2023-08-15
1.114,1.408,1.47094313,-0.000896861,2023-08-16
1.116,1.41,1.47358397,0.0017953321,2023-08-17
1.115,1.409,1.47226355,-0.0008960573,2023-08-18
1.114,1.408,1.47094313,-0.000896861,2023-08-21
1.115,1.409,1.47226355,0.0008976661,2023-08-22
1.113,1.407,1.46962272,-0.001793722,2023-08-23
1.112,1.406,1.4683023,-0.0008984726,2023-08-24
1.11,1.404,1.46566147,-0.0017985612,2023-08-25
1.111,1.405,1.46698189,0.0009009009,2023-08-28
1.12,1.414,1.47886563,0.0081008101,2023-08-29
1.118,1.412,1.4762248,-0.0017857143,2023-08-30
1.117,1.411,1.47490438,-0.0008944544,2023-08-31
1.118,1.412,1.4762248,0.0008952551,2023-09-01
1.121,1.415,1.48018604,0.0026833631,2023-09-04
1.119,1.413,1.47754521,-0.0017841213,2023-09-05
1.119,1.413,1.47754521,0.0,2023-09-06
1.113,1.407,1.46962272,-0.0053619303,2023-09-07
1.115,1.409,1.47226355,0.0017969452,2023-09-08
1.117,1.411,1.47490438,0.001793722,2023-09-11
1.117,1.411,1.47490438,0.0,2023-09-12
1.114,1.408,1.47094313,-0.0026857654,2023-09-13
1.112,1.406,1.4683023,-0.0017953321,2023-09-14
1.115,1.409,1.47226355,0.0026978417,2023-09-15
1.116,1.41,1.47358397,0.000896861,2023-09-18
1.114,1.408,1.47094313,-0.0017921147,2023-09-19
1.112,1.406,1.4683023,-0.0017953321,2023-09-20
1.111,1.405,1.46698189,-0.0008992806,2023-09-21
1.116,1.41,1.47358397,0.00450045,2023-09-22
1.118,1.412,1.4762248,0.0017921147,2023-09-25
1.119,1.413,1.47754521,0.0008944544,2023-09-26
1.122,1.416,1.48150646,0.0026809651,2023-09-27
1.124,1.418,1.48414729,0.0017825312,2023-09-28
1.121,1.415,1.48018604,-0.0026690391,2023-10-09
1.121,1.415,1.48018604,0.0,2023-10-10
1.119,1.413,1.47754521,-0.0017841213,2023-10-11
1.12,1.414,1.47886563,0.000893655,2023-10-12
1.116,1.41,1.47358397,-0.0035714286,2023-10-13
1.112,1.406,1.4683023,-0.0035842294,2023-10-16
1.112,1.406,1.4683023,0.0,2023-10-17
1.106,1.4,1.46037981,-0.0053956835,2023-10-18
1.103,1.397,1.45641856,-0.0027124774,2023-10-19
1.102,1.396,1.45509815,-0.0009066183,2023-10-20
1.094,1.388,1.44453482,-0.0072595281,2023-10-23
1.1,1.394,1.45245731,0.0054844607,2023-10-24
1.108,1.402,1.46302064,0.0072727273,2023-10-25
1.108,1.402,1.46302064,0.0,2023-10-26
1.109,1.403,1.46434106,0.0009025271,2023-10-27
1.112,1.406,1.4683023,0.0027051398,2023-10-30
1.108,1.402,1.46302064,-0.0035971223,2023-10-31
1.108,1.402,1.46302064,0.0,2023-11-01
1.104,1.398,1.45773898,-0.0036101083,2023-11-02
1.111,1.405,1.46698189,0.0063405797,2023-11-03
1.119,1.413,1.47754521,0.0072007201,2023-11-06
1.121,1.415,1.48018604,0.0017873101,2023-11-07
1.122,1.416,1.48150646,0.0008920607,2023-11-08
1.118,1.412,1.4762248,-0.0035650624,2023-11-09
1.118,1.412,1.4762248,0.0,2023-11-10
1.125,1.419,1.48546771,0.0062611807,2023-11-13
1.126,1.42,1.48678812,0.0008888889,2023-11-14
1.131,1.425,1.4933902,0.0044404973,2023-11-15
1.128,1.422,1.48942895,-0.0026525199,2023-11-16
1.132,1.426,1.49471062,0.0035460993,2023-11-17
1.137,1.431,1.5013127,0.0044169611,2023-11-20
1.132,1.426,1.49471062,-0.0043975374,2023-11-21
1.128,1.422,1.48942895,-0.0035335689,2023-11-22
1.133,1.427,1.49603103,0.0044326241,2023-11-23
1.126,1.42,1.48678812,-0.0061782877,2023-11-24
1.127,1.421,1.48810854,0.0008880995,2023-11-27
1.131,1.425,1.4933902,0.0035492458,2023-11-28
1.128,1.422,1.48942895,-0.0026525199,2023-11-29
1.125,1.419,1.48546771,-0.0026595745,2023-11-30
1.127,1.421,1.48810854,0.0017777778,2023-12-01
1.129,1.423,1.49074937,0.0017746229,2023-12-04
1.12,1.414,1.47886563,-0.0079716563,2023-12-05
1.122,1.416,1.48150646,0.0017857143,2023-12-06
1.122,1.416,1.48150646,0.0,2023-12-07
1.118,1.412,1.4762248,-0.0035650624,2023-12-08
1.125,1.419,1.48546771,0.0062611807,2023-12-11
1.13,1.424,1.49206979,0.0044444444,2023-12-12
1.129,1.423,1.49074937,-0.0008849558,2023-12-13
1.13,1.424,1.49206979,0.0008857396,2023-12-14
1.127,1.421,1.48810854,-0.0026548673,2023-12-15
1.121,1.415,1.48018604,-0.0053238687,2023-12-18
1.123,1.417,1.48282688,0.0017841213,2023-12-19
1.126,1.42,1.48678812,0.0026714159,2023-12-20
1.129,1.423,1.49074937,0.0026642984,2023-12-21
1.126,1.42,1.48678812,-0.0026572188,2023-12-22
1.122,1.416,1.48150646,-0.0035523979,2023-12-25
1.114,1.408,1.47094313,-0.0071301248,2023-12-26
1.118,1.412,1.4762248,0.0035906643,2023-12-27
1.127,1.421,1.48810854,0.0080500894,2023-12-28
1.132,1.426,1.49471062,0.0044365572,2023-12-29
1.133,1.427,1.49603103,0.0008833922,2024-01-02
1.132,1.426,1.49471062,-0.0008826125,2024-01-03
1.13,1.424,1.49206979,-0.0017667845,2024-01-04
1.124,1.418,1.48414729,-0.0053097345,2024-01-05
1.117,1.411,1.47490438,-0.006227758,2024-01-08
1.117,1.411,1.47490438,0.0,2024-01-09
1.115,1.409,1.47226355,-0.0017905103,2024-01-10
1.12,1.414,1.47886563,0.0044843049,2024-01-11
1.117,1.411,1.47490438,-0.0026785714,2024-01-12
1.115,1.409,1.47226355,-0.0017905103,2024-01-15
1.114,1.408,1.47094313,-0.000896861,2024-01-16
1.106,1.4,1.46037981,-0.0071813285,2024-01-17
1.103,1.397,1.45641856,-0.0027124774,2024-01-18
1.098,1.392,1.44981648,-0.0045330916,2024-01-19
1.08,1.374,1.426049,-0.0163934426,2024-01-22
1.081,1.375,1.42736941,0.0009259259,2024-01-23
1.09,1.384,1.43925316,0.0083256244,2024-01-24
1.0,1.3992,1.45932348,0.0139449541,2024-01-25
1.001,1.4002,1.4607828,0.001,2024-01-26
0.994,1.3932,1.45056753,-0.006993007,2024-01-29
0.986,1.3852,1.43889295,-0.0080482897,2024-01-30
0.974,1.3732,1.42138107,-0.0121703854,2024-01-31
0.967,1.3662,1.4111658,-0.0071868583,2024-02-01
0.954,1.3532,1.3921946,-0.0134436401,2024-02-02
0.931,1.3302,1.35863016,-0.0241090147,2024-02-05
0.94,1.3392,1.37176407,0.0096670247,2024-02-06
0.936,1.3352,1.36592677,-0.0042553191,2024-02-07
0.956,1.3552,1.39511324,0.0213675214,2024-02-08
0.965,1.3642,1.40824715,0.0094142259,2024-02-19
0.965,1.3642,1.40824715,0.0,2024-02-20
0.967,1.3662,1.4111658,0.0020725389,2024-02-21
0.975,1.3742,1.42284039,0.0082730093,2024-02-22
0.982,1.3812,1.43305565,0.0071794872,2024-02-23
0.989,1.3882,1.44327092,0.0071283096,2024-02-26
0.995,1.3942,1.45202686,0.0060667341,2024-02-27
0.981,1.3802,1.43159633,-0.0140703518,2024-02-28
0.989,1.3882,1.44327092,0.0081549439,2024-02-29
0.996,1.3952,1.45348618,0.0070778564,2024-03-01
0.995,1.3942,1.45202686,-0.0010040161,2024-03-04
0.993,1.3922,1.44910821,-0.0020100503,2024-03-05
0.994,1.3932,1.45056753,0.0010070493,2024-03-06
0.992,1.3912,1.44764889,-0.0020120724,2024-03-07
0.996,1.3952,1.45348618,0.0040322581,2024-03-08
1.0,1.3992,1.45932348,0.0040160643,2024-03-11
1.002,1.4012,1.46224212,0.002,2024-03-12
1.001,1.4002,1.4607828,-0.000998004,2024-03-13
0.999,1.3982,1.45786415,-0.001998002,2024-03-14
1.002,1.4012,1.46224212,0.003003003,2024-03-15
1.005,1.4042,1.46662009,0.002994012,2024-03-18
1.005,1.4042,1.46662009,0.0,2024-03-19
1.008,1.4072,1.47099806,0.0029850746,2024-03-20
1.009,1.4082,1.47245739,0.0009920635,2024-03-21
1.004,1.4032,1.46516077,-0.0049554014,2024-03-22
0.998,1.3972,1.45640483,-0.0059760956,2024-03-25
0.999,1.3982,1.45786415,0.001002004,2024-03-26
0.99,1.3892,1.44473024,-0.009009009,2024-03-27
0.996,1.3952,1.45348618,0.0060606061,2024-03-28
0.999,1.3982,1.45786415,0.0030120482,2024-03-29
1.006,1.4052,1.46807942,0.007007007,2024-04-01
1.004,1.4032,1.46516077,-0.0019880716,2024-04-02
1.001,1.4002,1.4607828,-0.0029880478,2024-04-03
0.995,1.3942,1.45202686,-0.005994006,2024-04-08
0.998,1.3972,1.45640483,0.0030150754,2024-04-09
0.993,1.3922,1.44910821,-0.00501002,2024-04-10
0.994,1.3932,1.45056753,0.0010070493,2024-04-11
0.993,1.3922,1.44910821,-0.0010060362,2024-04-12
0.991,1.3902,1.44618956,-0.0020140987,2024-04-15
0.981,1.3802,1.43159633,-0.0100908174,2024-04-16
0.992,1.3912,1.44764889,0.0112130479,2024-04-17
0.992,1.3912,1.44764889,0.0,2024-04-18
0.99,1.3892,1.44473024,-0.002016129,2024-04-19
0.989,1.3882,1.44327092,-0.001010101,2024-04-22
0.988,1.3872,1.44181159,-0.0010111223,2024-04-23
0.992,1.3912,1.44764889,0.004048583,2024-04-24
0.992,1.3912,1.44764889,0.0,2024-04-25
0.996,1.3952,1.45348618,0.0040322581,2024-04-26
1.006,1.4052,1.46807942,0.0100401606,2024-04-29
1.01,1.4092,1.47391671,0.0039761431,2024-04-30
1.019,1.4182,1.48705062,0.0089108911,2024-05-06
1.02,1.4192,1.48850995,0.0009813543,2024-05-07
1.016,1.4152,1.48267265,-0.0039215686,2024-05-08
1.02,1.4192,1.48850995,0.0039370079,2024-05-09
1.018,1.4172,1.4855913,-0.0019607843,2024-05-10
1.014,1.4132,1.479754,-0.0039292731,2024-05-13
1.016,1.4152,1.48267265,0.0019723866,2024-05-14
1.014,1.4132,1.479754,-0.0019685039,2024-05-15
1.014,1.4132,1.479754,0.0,2024-05-16
1.016,1.4152,1.48267265,0.0019723866,2024-05-17
1.02,1.4192,1.48850995,0.0039370079,2024-05-20
1.017,1.4162,1.48413197,-0.0029411765,2024-05-21
1.017,1.4162,1.48413197,0.0,2024-05-22
1.008,1.4072,1.47099806,-0.0088495575,2024-05-23
1.006,1.4052,1.46807942,-0.001984127,2024-05-24
1.007,1.4062,1.46953874,0.0009940358,2024-05-27
1.004,1.4032,1.46516077,-0.002979146,2024-05-28
1.004,1.4032,1.46516077,0.0,2024-05-29
1.003,1.4022,1.46370145,-0.0009960159,2024-05-30
1.007,1.4062,1.46953874,0.0039880359,2024-05-31
1.002,1.4012,1.46224212,-0.0049652433,2024-06-03
1.0,1.3992,1.45932348,-0.001996008,2024-06-04
0.992,1.3912,1.44764889,-0.008,2024-06-05
0.985,1.3842,1.43743362,-0.0070564516,2024-06-06
0.99,1.3892,1.44473024,0.0050761421,2024-06-07
0.988,1.3872,1.44181159,-0.002020202,2024-06-11
0.991,1.3902,1.44618956,0.0030364372,2024-06-12
0.99,1.3892,1.44473024,-0.0010090817,2024-06-13
0.991,1.3902,1.44618956,0.001010101,2024-06-14
0.992,1.3912,1.44764889,0.0010090817,2024-06-17
0.995,1.3942,1.45202686,0.0030241935,2024-06-18
0.993,1.3922,1.44910821,-0.0020100503,2024-06-19
0.985,1.3842,1.43743362,-0.0080563948,2024-06-20
0.987,1.3862,1.44035227,0.0020304569,2024-06-21
0.979,1.3782,1.42867768,-0.0081053698,2024-06-24
0.979,1.3782,1.42867768,0.0,2024-06-25
0.985,1.3842,1.43743362,0.0061287028,2024-06-26
0.98,1.3792,1.43013701,-0.0050761421,2024-06-27
0.985,1.3842,1.43743362,0.0051020408,2024-06-28
0.987,1.3862,1.44035227,0.0020304569,2024-07-01
0.986,1.3852,1.43889295,-0.0010131712,2024-07-02
0.983,1.3822,1.43451498,-0.0030425963,2024-07-03
0.977,1.3762,1.42575904,-0.006103764,2024-07-04
0.981,1.3802,1.43159633,0.0040941658,2024-07-05
0.975,1.3742,1.42284039,-0.006116208,2024-07-08
0.979,1.3782,1.42867768,0.0041025641,2024-07-09
0.978,1.3772,1.42721836,-0.0010214505,2024-07-10
0.986,1.3852,1.43889295,0.0081799591,2024-07-11
0.986,1.3852,1.43889295,0.0,2024-07-12
0.984,1.3832,1.4359743,-0.0020283976,2024-07-15
0.984,1.3832,1.4359743,0.0,2024-07-16
0.982,1.3812,1.43305565,-0.0020325203,2024-07-17
0.982,1.3812,1.43305565,0.0,2024-07-18
0.987,1.3862,1.44035227,0.0050916497,2024-07-19
0.987,1.3862,1.44035227,0.0,2024-07-22
0.98,1.3792,1.43013701,-0.0070921986,2024-07-23
0.981,1.3802,1.43159633,0.0010204082,2024-07-24
0.982,1.3812,1.43305565,0.001019368,2024-07-25
0.988,1.3872,1.44181159,0.0061099796,2024-07-26
0.989,1.3882,1.44327092,0.0010121457,2024-07-29
0.99,1.3892,1.44473024,0.0010111223,2024-07-30
0.995,1.3942,1.45202686,0.0050505051,2024-07-31
0.998,1.3972,1.45640483,0.0030150754,2024-08-01
0.994,1.3932,1.45056753,-0.004008016,2024-08-02
0.99,1.3892,1.44473024,-0.0040241449,2024-08-05
0.992,1.3912,1.44764889,0.002020202,2024-08-06
0.992,1.3912,1.44764889,0.0,2024-08-07
0.991,1.3902,1.44618956,-0.0010080645,2024-08-08
0.989,1.3882,1.44327092,-0.0020181635,2024-08-09
0.988,1.3872,1.44181159,-0.0010111223,2024-08-12
0.99,1.3892,1.44473024,0.0020242915,2024-08-13
0.988,1.3872,1.44181159,-0.002020202,2024-08-14
0.99,1.3892,1.44473024,0.0020242915,2024-08-15
0.99,1.3892,1.44473024,0.0,2024-08-16
0.991,1.3902,1.44618956,0.001010101,2024-08-19
0.987,1.3862,1.44035227,-0.0040363269,2024-08-20
0.986,1.3852,1.43889295,-0.0010131712,2024-08-21
0.984,1.3832,1.4359743,-0.0020283976,2024-08-22
0.983,1.3822,1.43451498,-0.0010162602,2024-08-23
0.984,1.3832,1.4359743,0.001017294,2024-08-26
0.983,1.3822,1.43451498,-0.0010162602,2024-08-27
0.984,1.3832,1.4359743,0.001017294,2024-08-28
0.986,1.3852,1.43889295,0.0020325203,2024-08-29
0.991,1.3902,1.44618956,0.0050709939,2024-08-30
0.988,1.3872,1.44181159,-0.0030272452,2024-09-02
0.99,1.3892,1.44473024,0.0020242915,2024-09-03
0.989,1.3882,1.44327092,-0.001010101,2024-09-04
0.99,1.3892,1.44473024,0.0010111223,2024-09-05
0.986,1.3852,1.43889295,-0.004040404,2024-09-06
0.985,1.3842,1.43743362,-0.0010141988,2024-09-09
0.986,1.3852,1.43889295,0.0010152284,2024-09-10
0.985,1.3842,1.43743362,-0.0010141988,2024-09-11
0.987,1.3862,1.44035227,0.0020304569,2024-09-12
0.986,1.3852,1.43889295,-0.0010131712,2024-09-13
0.988,1.3872,1.44181159,0.0020283976,2024-09-18
0.99,1.3892,1.44473024,0.0020242915,2024-09-19
0.991,1.3902,1.44618956,0.001010101,2024-09-20
0.995,1.3942,1.45202686,0.0040363269,2024-09-23
1.003,1.4022,1.46370145,0.008040201,2024-09-24
1.006,1.4052,1.46807942,0.0029910269,2024-09-25
1.014,1.4132,1.479754,0.0079522863,2024-09-26
1.028,1.4272,1.50018453,0.0138067061,2024-09-27
1.076,1.4752,1.57023206,0.046692607,2024-09-30
1.116,1.5152,1.628605,0.0371747212,2024-10-08
1.058,1.4572,1.54396424,-0.0519713262,2024-10-09
1.066,1.4652,1.55563883,0.0075614367,2024-10-10
1.048,1.4472,1.529371,-0.0168855535,2024-10-11
1.066,1.4652,1.55563883,0.0171755725,2024-10-14
1.062,1.4612,1.54980153,-0.0037523452,2024-10-15
1.065,1.4642,1.5541795,0.0028248588,2024-10-16
1.069,1.4682,1.5600168,0.0037558685,2024-10-17
1.075,1.4742,1.56877274,0.0056127222,2024-10-18
1.077,1.4762,1.57169138,0.0018604651,2024-10-21
1.085,1.4842,1.58336597,0.0074280409,2024-10-22
1.085,1.4842,1.58336597,0.0,2024-10-23
1.086,1.4852,1.58482529,0.000921659,2024-10-24
1.091,1.4902,1.59212191,0.0046040516,2024-10-25
1.101,1.5002,1.60671515,0.0091659028,2024-10-28
1.098,1.4972,1.60233718,-0.0027247956,2024-10-29
1.101,1.5002,1.60671515,0.0027322404,2024-10-30
1.108,1.5072,1.61693041,0.0063578565,2024-10-31
1.1,1.4992,1.60525582,-0.0072202166,2024-11-01
1.108,1.5072,1.61693041,0.0072727273,2024-11-04
1.114,1.5132,1.62568635,0.0054151625,2024-11-05
1.116,1.5152,1.628605,0.0017953321,2024-11-06
1.126,1.5252,1.64319823,0.0089605735,2024-11-07
1.118,1.5172,1.63152365,-0.0071047957,2024-11-08
1.132,1.5312,1.65195417,0.0125223614,2024-11-11
1.128,1.5272,1.64611688,-0.0035335689,2024-11-12
1.126,1.5252,1.64319823,-0.0017730496,2024-11-13
1.115,1.5142,1.62714568,-0.0097690941,2024-11-14
1.115,1.5142,1.62714568,0.0,2024-11-15
1.114,1.5132,1.62568635,-0.000896861,2024-11-18
1.118,1.5172,1.63152365,0.0035906643,2024-11-19
1.125,1.5242,1.64173891,0.0062611807,2024-11-20
1.127,1.5262,1.64465756,0.0017777778,2024-11-21
1.126,1.5252,1.64319823,-0.0008873114,2024-11-22
1.129,1.5282,1.6475762,0.0026642984,2024-11-25
1.126,1.5252,1.64319823,-0.0026572188,2024-11-26
1.129,1.5282,1.6475762,0.0026642984,2024-11-27
1.128,1.5272,1.64611688,-0.0008857396,2024-11-28
1.133,1.5322,1.6534135,0.0044326241,2024-11-29
1.138,1.5372,1.66071012,0.0044130627,2024-12-02
1.138,1.5372,1.66071012,0.0,2024-12-03
1.133,1.5322,1.6534135,-0.0043936731,2024-12-04
1.134,1.5332,1.65487282,0.0008826125,2024-12-05
1.137,1.5362,1.65925079,0.0026455026,2024-12-06
1.142,1.5412,1.66654741,0.0043975374,2024-12-09
1.143,1.5422,1.66800673,0.0008756567,2024-12-10
1.145,1.5442,1.67092538,0.0017497813,2024-12-11
1.146,1.5452,1.6723847,0.0008733624,2024-12-12
1.142,1.5412,1.66654741,-0.0034904014,2024-12-13
1.14,1.5392,1.66362876,-0.0017513135,2024-12-16
1.138,1.5372,1.66071012,-0.001754386,2024-12-17
1.14,1.5392,1.66362876,0.0017574692,2024-12-18
1.14,1.5392,1.66362876,0.0,2024-12-19
1.14,1.5392,1.66362876,0.0,2024-12-20
1.138,1.5372,1.66071012,-0.001754386,2024-12-23
1.139,1.5382,1.66216944,0.0008787346,2024-12-24
1.0,1.5367,1.65998045,-0.0013169447,2024-12-25
1.002,1.5387,1.66330041,0.002,2024-12-26
1.004,1.5407,1.66662038,0.001996008,2024-12-27
1.004,1.5407,1.66662038,0.0,2024-12-30
1.001,1.5377,1.66164043,-0.0029880478,2024-12-31
0.997,1.5337,1.65500051,-0.003996004,2025-01-02
0.995,1.5317,1.65168055,-0.0020060181,2025-01-03
0.995,1.5317,1.65168055,0.0,2025-01-06
0.996,1.5327,1.65334053,0.0010050251,2025-01-07
0.996,1.5327,1.65334053,0.0,2025-01-08
0.996,1.5327,1.65334053,0.0,2025-01-09
0.993,1.5297,1.64836059,-0.0030120482,2025-01-10
0.993,1.5297,1.64836059,0.0,2025-01-13
0.998,1.5347,1.65666049,0.0050352467,2025-01-14
0.997,1.5337,1.65500051,-0.001002004,2025-01-15
0.998,1.5347,1.65666049,0.001003009,2025-01-16
0.998,1.5347,1.65666049,0.0,2025-01-17
0.999,1.5357,1.65832047,0.001002004,2025-01-20
0.999,1.5357,1.65832047,0.0,2025-01-21
0.999,1.5357,1.65832047,0.0,2025-01-22
0.998,1.5347,1.65666049,-0.001001001,2025-01-23
1.0,1.5367,1.65998045,0.002004008,2025-01-24
1.0,1.5367,1.65998045,0.0,2025-01-27
1.0,1.5367,1.65998045,0.0,2025-02-05
1.004,1.5407,1.66662038,0.004,2025-02-06
1.008,1.5447,1.6732603,0.0039840637,2025-02-07
1.012,1.5487,1.67990022,0.003968254,2025-02-10
1.014,1.5507,1.68322018,0.0019762846,2025-02-11
1.014,1.5507,1.68322018,0.0,2025-02-12
1.01,1.5467,1.67658026,-0.0039447732,2025-02-13
1.013,1.5497,1.6815602,0.002970297,2025-02-14
1.014,1.5507,1.68322018,0.0009871668,2025-02-17
1.005,1.5417,1.66828036,-0.0088757396,2025-02-18
1.01,1.5467,1.67658026,0.0049751244,2025-02-19
1.011,1.5477,1.67824024,0.000990099,2025-02-20
1.017,1.5537,1.68820012,0.0059347181,2025-02-21
1.018,1.5547,1.6898601,0.0009832842,2025-02-24
1.012,1.5487,1.67990022,-0.0058939096,2025-02-25
1.014,1.5507,1.68322018,0.0019762846,2025-02-26
1.01,1.5467,1.67658026,-0.0039447732,2025-02-27
1.0,1.5367,1.65998045,-0.0099009901,2025-02-28
1.0,1.5367,1.65998045,0.0,2025-03-03
1.006,1.5427,1.66994034,0.006,2025-03-04
1.007,1.5437,1.67160032,0.0009940358,2025-03-05
1.014,1.5507,1.68322018,0.0069513406,2025-03-06
1.01,1.5467,1.67658026,-0.0039447732,2025-03-07
1.007,1.5437,1.67160032,-0.002970297,2025-03-10
1.01,1.5467,1.67658026,0.002979146,2025-03-11
1.02,1.5567,1.69318006,0.0099009901,2025-03-12
1.012,1.5487,1.67990022,-0.0078431373,2025-03-13
1.016,1.5527,1.68654014,0.0039525692,2025-03-14
1.019,1.556,1.69201808,0.0032480315,2025-03-17
1.019,1.556,1.69201808,0.0,2025-03-18
1.015,1.552,1.6853762,-0.0039254171,2025-03-19
1.018,1.555,1.69035761,0.002955665,2025-03-20
1.013,1.55,1.68205526,-0.0049115914,2025-03-21
1.004,1.541,1.66711104,-0.0088845015,2025-03-24
1.004,1.541,1.66711104,0.0,2025-03-25
1.005,1.542,1.66877151,0.0009960159,2025-03-26
1.007,1.544,1.67209245,0.0019900498,2025-03-27
1.007,1.544,1.67209245,0.0,2025-03-28
1.003,1.54,1.66545057,-0.0039721946,2025-03-31
1.006,1.543,1.67043198,0.0029910269,2025-04-01
1.008,1.545,1.67375292,0.0019880716,2025-04-02
1.006,1.543,1.67043198,-0.001984127,2025-04-03
0.98,1.517,1.62725978,-0.0258449304,2025-04-07
0.984,1.521,1.63390166,0.0040816327,2025-04-08
0.988,1.525,1.64054353,0.0040650407,2025-04-09
0.99,1.527,1.64386447,0.0020242915,2025-04-10
0.988,1.525,1.64054353,-0.002020202,2025-04-11
0.991,1.528,1.64552494,0.0030364372,2025-04-14
0.992,1.529,1.64718541,0.0010090817,2025-04-15
0.992,1.529,1.64718541,0.0,2025-04-16
0.991,1.528,1.64552494,-0.0010080645,2025-04-17
0.991,1.528,1.64552494,0.0,2025-04-18
0.993,1.53,1.64884588,0.0020181635,2025-04-21
0.993,1.53,1.64884588,0.0,2025-04-22
0.993,1.53,1.64884588,0.0,2025-04-23
0.993,1.53,1.64884588,0.0,2025-04-24
0.994,1.531,1.65050635,0.0010070493,2025-04-25
0.992,1.529,1.64718541,-0.0020120724,2025-04-28
0.995,1.532,1.65216682,0.0030241935,2025-04-29
0.994,1.531,1.65050635,-0.0010050251,2025-04-30
0.999,1.536,1.65880869,0.0050301811,2025-05-06
1.0,1.537,1.66046916,0.001001001,2025-05-07
1.002,1.539,1.6637901,0.002,2025-05-08
0.999,1.536,1.65880869,-0.002994012,2025-05-09
1.002,1.539,1.6637901,0.003003003,2025-05-12
1.003,1.54,1.66545057,0.000998004,2025-05-13
1.007,1.544,1.67209245,0.0039880359,2025-05-14
1.005,1.542,1.66877151,-0.0019860973,2025-05-15
1.002,1.539,1.6637901,-0.0029850746,2025-05-16
1.006,1.543,1.67043198,0.003992016,2025-05-19
1.007,1.544,1.67209245,0.0009940358,2025-05-20
1.007,1.544,1.67209245,0.0,2025-05-21
1.003,1.54,1.66545057,-0.0039721946,2025-05-22
0.996,1.533,1.65382729,-0.0069790628,2025-05-23
0.999,1.536,1.65880869,0.0030120482,2025-05-26
0.999,1.536,1.65880869,0.0,2025-05-27
0.999,1.536,1.65880869,0.0,2025-05-28
1.005,1.542,1.66877151,0.006006006,2025-05-29
1.004,1.541,1.66711104,-0.0009950249,2025-05-30
1.007,1.544,1.67209245,0.0029880478,2025-06-03
1.008,1.545,1.67375292,0.0009930487,2025-06-04
1.007,1.544,1.67209245,-0.0009920635,2025-06-05
1.007,1.544,1.67209245,0.0,2025-06-06
1.01,1.547,1.67707385,0.002979146,2025-06-09
1.012,1.549,1.68039479,0.001980198,2025-06-10
1.015,1.552,1.6853762,0.0029644269,2025-06-11
1.015,1.552,1.6853762,0.0,2025-06-12
1.006,1.543,1.67043198,-0.0088669951,2025-06-13
1.008,1.545,1.67375292,0.0019880716,2025-06-16
1.009,1.546,1.67541338,0.0009920635,2025-06-17
1.005,1.542,1.66877151,-0.0039643211,2025-06-18
1.001,1.538,1.66212963,-0.0039800995,2025-06-19
0.999,1.536,1.65880869,-0.001998002,2025-06-20
1.003,1.54,1.66545057,0.004004004,2025-06-23
1.008,1.545,1.67375292,0.0049850449,2025-06-24
1.012,1.549,1.68039479,0.003968254,2025-06-25
1.012,1.549,1.68039479,0.0,2025-06-26
1.014,1.551,1.68371573,0.0019762846,2025-06-27
1.017,1.554,1.68869714,0.0029585799,2025-06-30
1.017,1.554,1.68869714,0.0,2025-07-01
1.019,1.556,1.69201808,0.0019665683,2025-07-02
1.021,1.558,1.69533901,0.0019627085,2025-07-03
1.019,1.556,1.69201808,-0.0019588639,2025-07-04
1.022,1.559,1.69699948,0.0029440628,2025-07-07
1.024,1.561,1.70032042,0.0019569472,2025-07-08
1.029,1.566,1.70862277,0.0048828125,2025-07-09
1.032,1.569,1.71360418,0.0029154519,2025-07-10
1.037,1.574,1.72190652,0.0048449612,2025-07-11
1.039,1.576,1.72522746,0.0019286403,2025-07-14
1.032,1.569,1.71360418,-0.0067372474,2025-07-15
1.032,1.569,1.71360418,0.0,2025-07-16
1.035,1.572,1.71858558,0.0029069767,2025-07-17
1.038,1.575,1.72356699,0.0028985507,2025-07-18
1.059,1.596,1.75843684,0.0202312139,2025-07-21
1.068,1.605,1.77338107,0.0084985836,2025-07-22
1.07,1.607,1.776702,0.0018726592,2025-07-23
1.077,1.614,1.78832529,0.0065420561,2025-07-24
1.074,1.611,1.78334388,-0.0027855153,2025-07-25
1.072,1.609,1.78002294,-0.0018621974,2025-07-28
1.072,1.609,1.78002294,0.0,2025-07-29
1.07,1.607,1.776702,-0.0018656716,2025-07-30
1.058,1.595,1.75677637,-0.0112149533,2025-07-31
1.059,1.596,1.75843684,0.0009451796,2025-08-01
1.059,1.596,1.75843684,0.0,2025-08-04
1.061,1.598,1.76175778,0.0018885741,2025-08-05
1.062,1.599,1.76341825,0.0009425071,2025-08-06
1.063,1.6,1.76507872,0.0009416196,2025-08-07
1.065,1.602,1.76839966,0.0018814675,2025-08-08
1.071,1.608,1.77836247,0.0056338028,2025-08-11
1.071,1.608,1.77836247,0.0,2025-08-12
1.075,1.612,1.78500435,0.0037348273,2025-08-13
1.069,1.606,1.77504153,-0.0055813953,2025-08-14
1.075,1.612,1.78500435,0.0056127222,2025-08-15
1.082,1.619,1.79662763,0.0065116279,2025-08-18
1.081,1.618,1.79496716,-0.0009242144,2025-08-19
1.087,1.624,1.80492998,0.0055504163,2025-08-20
1.087,1.624,1.80492998,0.0,2025-08-21
1.093,1.63,1.81489279,0.0055197792,2025-08-22
1.1,1.637,1.82651608,0.0064043916,2025-08-25
1.1,1.637,1.82651608,0.0,2025-08-26
1.089,1.626,1.80825092,-0.01,2025-08-27
1.093,1.63,1.81489279,0.0036730946,2025-08-28
1.089,1.626,1.80825092,-0.0036596523,2025-08-29
1.095,1.632,1.81821373,0.0055096419,2025-09-01
1.09,1.627,1.80991139,-0.00456621,2025-09-02
1.085,1.622,1.80160904,-0.004587156,2025-09-03
1.082,1.619,1.79662763,-0.002764977,2025-09-04
1.09,1.627,1.80991139,0.0073937153,2025-09-05
1.096,1.633,1.8198742,0.0055045872,2025-09-08
1.093,1.63,1.81489279,-0.0027372263,2025-09-09
1.094,1.631,1.81655326,0.0009149131,2025-09-10
1.101,1.638,1.82817655,0.0063985375,2025-09-11
1.1,1.637,1.82651608,-0.0009082652,2025-09-12
1.099,1.636,1.82485561,-0.0009090909,2025-09-15
1.107,1.644,1.83813936,0.0072793449,2025-09-16
1.105,1.642,1.83481842,-0.0018066847,2025-09-17
1.1,1.637,1.82651608,-0.0045248869,2025-09-18
1.097,1.634,1.82153467,-0.0027272727,2025-09-19
1.094,1.631,1.81655326,-0.0027347311,2025-09-22
1.086,1.623,1.80326951,-0.0073126143,2025-09-23
1.091,1.6273,1.81040953,0.0039594843,2025-09-24
1.089,1.6253,1.80709072,-0.0018331806,2025-09-25
1.087,1.6233,1.80377191,-0.0018365473,2025-09-26
1.088,1.6243,1.80543132,0.0009199632,2025-09-29
1.087,1.624,1.8049335,-0.0002757353,2025-09-30
1.094,1.631,1.8165568,0.0064397424,2025-10-09
1.092,1.629,1.81323586,-0.0018281536,2025-10-10
1.088,1.625,1.80659397,-0.0036630037,2025-10-13
1.088,1.625,1.80659397,0.0,2025-10-14
1.09,1.627,1.80991491,0.0018382353,2025-10-15
1.089,1.626,1.80825444,-0.0009174312,2025-10-16
1.082,1.619,1.79663113,-0.0064279155,2025-10-17
1.086,1.623,1.80327302,0.0036968577,2025-10-20
1.096,1.633,1.81987775,0.0092081031,2025-10-21
1.095,1.632,1.81821727,-0.0009124088,2025-10-22
1.098,1.635,1.82319869,0.002739726,2025-10-23
1.095,1.632,1.81821727,-0.0027322404,2025-10-24
1.096,1.633,1.81987775,0.000913242,2025-10-27
1.096,1.633,1.81987775,0.0,2025-10-28
1.097,1.634,1.82153822,0.0009124088,2025-10-29
1.092,1.629,1.81323586,-0.0045578851,2025-10-30
1.089,1.626,1.80825444,-0.0027472527,2025-10-31
1.092,1.629,1.81323586,0.0027548209,2025-11-03
1.091,1.628,1.81157538,-0.0009157509,2025-11-04
1.095,1.632,1.81821727,0.0036663611,2025-11-05
1.096,1.633,1.81987775,0.000913242,2025-11-06
1.097,1.634,1.82153822,0.0009124088,2025-11-07
1.099,1.636,1.82485916,0.0018231541,2025-11-10
1.101,1.638,1.82818011,0.0018198362,2025-11-11
1.1,1.637,1.82651964,-0.0009082652,2025-11-12
1.102,1.639,1.82984058,0.0018181818,2025-11-13
1.1,1.637,1.82651964,-0.001814882,2025-11-14
1.1,1.637,1.82651964,0.0,2025-11-17
1.097,1.634,1.82153822,-0.0027272727,2025-11-18
1.093,1.63,1.81489633,-0.0036463081,2025-11-19
1.093,1.63,1.81489633,0.0,2025-11-20
1.083,1.62,1.79829161,-0.0091491308,2025-11-21
1.087,1.624,1.8049335,0.0036934441,2025-11-24
1.087,1.624,1.8049335,0.0,2025-11-25
1.088,1.625,1.80659397,0.0009199632,2025-11-26
1.088,1.625,1.80659397,0.0,2025-11-27
1.09,1.627,1.80991491,0.0018382353,2025-11-28
1.092,1.629,1.81323586,0.0018348624,2025-12-01
1.092,1.629,1.81323586,0.0,2025-12-02
1.091,1.628,1.81157538,-0.0009157509,2025-12-03
1.089,1.626,1.80825444,-0.0018331806,2025-12-04
1.09,1.627,1.80991491,0.0009182736,2025-12-05
1.096,1.633,1.81987775,0.0055045872,2025-12-08
1.095,1.632,1.81821727,-0.0009124088,2025-12-09
1.094,1.631,1.8165568,-0.000913242,2025-12-10
1.091,1.628,1.81157538,-0.0027422303,2025-12-11
1.092,1.629,1.81323586,0.0009165903,2025-12-12
1.092,1.629,1.81323586,0.0,2025-12-15
1.089,1.626,1.80825444,-0.0027472527,2025-12-16
1.09,1.627,1.80991491,0.0009182736,2025-12-17
1.092,1.629,1.81323586,0.0018348624,2025-12-18
1.094,1.631,1.8165568,0.0018315018,2025-12-19
1.095,1.632,1.81821727,0.0009140768,2025-12-22
1.094,1.631,1.8165568,-0.000913242,2025-12-23
1.097,1.634,1.82153822,0.0027422303,2025-12-24
1.099,1.636,1.82485916,0.0018231541,2025-12-25
1.099,1.636,1.82485916,0.0,2025-12-26
1.097,1.634,1.82153822,-0.0018198362,2025-12-29
1.096,1.633,1.81987775,-0.000911577,2025-12-30
1.098,1.635,1.82319869,0.0018248175,2025-12-31
1.103,1.64,1.83150105,0.0045537341,2026-01-05
1.111,1.648,1.84478483,0.0072529465,2026-01-06
1.11,1.647,1.84312436,-0.00090009,2026-01-07
1.114,1.651,1.84976625,0.0036036036,2026-01-08
1.119,1.656,1.85806861,0.0044883303,2026-01-09
1.122,1.659,1.86305003,0.0026809651,2026-01-12
1.0,1.658,1.86138956,-0.0008912656,2026-01-13
1.001,1.659,1.86325095,0.001,2026-01-14
1.0,1.658,1.86138956,-0.000999001,2026-01-15
0.997,1.655,1.85580539,-0.003,2026-01-16
0.998,1.656,1.85766678,0.001003009,2026-01-19
0.998,1.656,1.85766678,0.0,2026-01-20
0.999,1.657,1.85952817,0.001002004,2026-01-21
1.002,1.66,1.86511234,0.003003003,2026-01-22
1.007,1.665,1.87441928,0.00499002,2026-01-23
1.006,1.664,1.87255789,-0.0009930487,2026-01-26
1.005,1.663,1.8706965,-0.0009940358,2026-01-27
1.005,1.663,1.8706965,0.0,2026-01-28
1.008,1.666,1.87628067,0.0029850746,2026-01-29
1.006,1.664,1.87255789,-0.001984127,2026-01-30
0.999,1.657,1.85952817,-0.0069582505,2026-02-02
1.005,1.663,1.8706965,0.006006006,2026-02-03
1.004,1.662,1.86883512,-0.0009950249,2026-02-04
1.002,1.66,1.86511234,-0.0019920319,2026-02-05
1.001,1.659,1.86325095,-0.000998004,2026-02-06
1.008,1.666,1.87628067,0.006993007,2026-02-09
1.014,1.672,1.88744901,0.005952381,2026-02-10
1.012,1.67,1.88372623,-0.0019723866,2026-02-11
1.012,1.67,1.88372623,0.0,2026-02-12
1.011,1.669,1.88186484,-0.0009881423,2026-02-13
1.021,1.679,1.90047874,0.0098911968,2026-02-24
1.027,1.685,1.91164707,0.0058765916,2026-02-25
1.028,1.686,1.91350846,0.0009737098,2026-02-26
1.029,1.687,1.91536985,0.0009727626,2026-02-27
1.021,1.679,1.90047874,-0.0077745384,2026-03-02
1.013,1.671,1.88558762,-0.0078354554,2026-03-03
1.011,1.669,1.88186484,-0.0019743337,2026-03-04
1.014,1.672,1.88744901,0.0029673591,2026-03-05
1.019,1.677,1.89675596,0.0049309665,2026-03-06
1.016,1.674,1.89117179,-0.0029440628,2026-03-09
1.02,1.678,1.89861735,0.0039370079,2026-03-10
1.019,1.677,1.89675596,-0.0009803922,2026-03-11
1.016,1.674,1.89117179,-0.0029440628,2026-03-12
1.013,1.671,1.88558762,-0.0029527559,2026-03-13
1.014,1.672,1.88744901,0.0009871668,2026-03-16
1.011,1.669,1.88186484,-0.0029585799,2026-03-17
1.013,1.671,1.88558762,0.0019782394,2026-03-18
1.008,1.666,1.87628067,-0.0049358342,2026-03-19
1.004,1.662,1.86883512,-0.003968254,2026-03-20
0.989,1.647,1.84091427,-0.014940239,2026-03-23
0.995,1.653,1.85208261,0.0060667341,2026-03-24
1.0,1.658,1.86138956,0.0050251256,2026-03-25
0.996,1.654,1.853944,-0.004,2026-03-26
0.999,1.657,1.85952817,0.0030120482,2026-03-27
1.0,1.658,1.86138956,0.001001001,2026-03-30
0.998,1.656,1.85766678,-0.002,2026-03-31
1.003,1.661,1.86697373,0.00501002,2026-04-01
0.998,1.656,1.85766678,-0.0049850449,2026-04-02
0.993,1.651,1.84835983,-0.00501002,2026-04-03
0.994,1.652,1.85022122,0.0010070493,2026-04-07
1.005,1.663,1.8706965,0.0110663984,2026-04-08
1.004,1.662,1.86883512,-0.0009950249,2026-04-09
1.009,1.667,1.87814206,0.0049800797,2026-04-10
1.008,1.666,1.87628067,-0.0009910803,2026-04-13
1.01,1.668,1.88000345,0.001984127,2026-04-14
1.009,1.667,1.87814206,-0.000990099,2026-04-15
1.012,1.67,1.88372623,0.0029732408,2026-04-16
1.012,1.67,1.88372623,0.0,2026-04-17
1.013,1.671,1.88558762,0.0009881423,2026-04-20
1.012,1.67,1.88372623,-0.0009871668,2026-04-21
1.021,1.679,1.90047874,0.0088932806,2026-04-22
1.019,1.677,1.89675596,-0.0019588639,2026-04-23
1.018,1.676,1.89489457,-0.0009813543,2026-04-24
1.019,1.677,1.89675596,0.0009823183,2026-04-27
1.018,1.676,1.89489457,-0.0009813543,2026-04-28
1.012,1.67,1.88372623,-0.0058939096,2026-04-29
1.01,1.668,1.88000345,-0.0019762846,2026-04-30
1.011,1.669,1.88186484,0.000990099,2026-05-06
1.012,1.67,1.88372623,0.0009891197,2026-05-07
1.012,1.67,1.88372623,0.0,2026-05-08
1.013,1.671,1.88558762,0.0009881423,2026-05-11
1.01,1.668,1.88000345,-0.0029615005,2026-05-12
1.014,1.672,1.88744901,0.003960396,2026-05-13
1.005,1.663,1.8706965,-0.0088757396,2026-05-14
1.001,1.659,1.86325095,-0.0039800995,2026-05-15
1.002,1.66,1.86511234,0.000999001,2026-05-18
1.006,1.664,1.87255789,0.003992016,2026-05-19
1.0,1.658,1.86138956,-0.0059642147,2026-05-20
0.991,1.649,1.84463705,-0.009,2026-05-21
0.994,1.652,1.85022122,0.0030272452,2026-05-22
0.995,1.653,1.85208261,0.0010060362,2026-05-25
0.991,1.649,1.84463705,-0.0040201005,2026-05-26
0.988,1.646,1.83905288,-0.0030272452,2026-05-27
