nav,cumulative_nav_withdrawal,cumulative_nav,price_change,price_date
1.0,1.0,1.0,0.0,2021-08-19
1.0,1.0,1.0,0.0,2021-08-20
1.0,1.0,1.0,0.0,2021-08-23
1.0,1.0,1.0,0.0,2021-08-24
1.0,1.0,1.0,0.0,2021-08-25
1.0,1.0,1.0,0.0,2021-08-26
1.0,1.0,1.0,0.0,2021-08-27
1.0,1.0,1.0,0.0,2021-08-30
1.0,1.0,1.0,0.0,2021-08-31
1.0,1.0,1.0,0.0,2021-09-01
1.0,1.0,1.0,0.0,2021-09-02
1.0,1.0,1.0,0.0,2021-09-03
1.0,1.0,1.0,0.0,2021-09-06
0.973,0.973,0.973,-0.027,2021-09-07
0.973,0.973,0.973,0.0,2021-09-08
0.973,0.973,0.973,0.0,2021-09-09
0.973,0.973,0.973,0.0,2021-09-10
0.973,0.973,0.973,0.0,2021-09-13
0.973,0.973,0.973,0.0,2021-09-14
0.973,0.973,0.973,0.0,2021-09-15
0.973,0.973,0.973,0.0,2021-09-16
0.973,0.973,0.973,0.0,2021-09-17
0.975,0.975,0.975,0.0020554985,2021-09-22
0.975,0.975,0.975,0.0,2021-09-23
0.975,0.975,0.975,0.0,2021-09-24
0.975,0.975,0.975,0.0,2021-09-27
0.975,0.975,0.975,0.0,2021-09-28
0.975,0.975,0.975,0.0,2021-09-29
0.975,0.975,0.975,0.0,2021-09-30
0.975,0.975,0.975,0.0,2021-10-08
0.975,0.975,0.975,0.0,2021-10-11
0.975,0.975,0.975,0.0,2021-10-12
0.975,0.975,0.975,0.0,2021-10-13
0.975,0.975,0.975,0.0,2021-10-14
0.975,0.975,0.975,0.0,2021-10-15
0.975,0.975,0.975,0.0,2021-10-18
0.975,0.975,0.975,0.0,2021-10-19
0.975,0.975,0.975,0.0,2021-10-20
0.975,0.975,0.975,0.0,2021-10-21
0.975,0.975,0.975,0.0,2021-10-22
0.975,0.975,0.975,0.0,2021-10-25
0.975,0.975,0.975,0.0,2021-10-26
0.975,0.975,0.975,0.0,2021-10-27
0.975,0.975,0.975,0.0,2021-10-28
0.975,0.975,0.975,0.0,2021-10-29
0.975,0.975,0.975,0.0,2021-11-01
0.975,0.975,0.975,0.0,2021-11-02
0.975,0.975,0.975,0.0,2021-11-03
0.975,0.975,0.975,0.0,2021-11-04
0.975,0.975,0.975,0.0,2021-11-05
0.975,0.975,0.975,0.0,2021-11-08
0.975,0.975,0.975,0.0,2021-11-09
0.975,0.975,0.975,0.0,2021-11-10
0.975,0.975,0.975,0.0,2021-11-11
0.975,0.975,0.975,0.0,2021-11-12
0.975,0.975,0.975,0.0,2021-11-15
0.962,0.962,0.962,-0.0133333333,2021-11-16
0.962,0.962,0.962,0.0,2021-11-17
0.962,0.962,0.962,0.0,2021-11-18
0.962,0.962,0.962,0.0,2021-11-19
0.962,0.962,0.962,0.0,2021-11-22
0.962,0.962,0.962,0.0,2021-11-23
0.962,0.962,0.962,0.0,2021-11-24
0.962,0.962,0.962,0.0,2021-11-25
0.962,0.962,0.962,0.0,2021-11-26
0.962,0.962,0.962,0.0,2021-11-29
0.962,0.962,0.962,0.0,2021-11-30
0.962,0.962,0.962,0.0,2021-12-01
0.962,0.962,0.962,0.0,2021-12-02
0.962,0.962,0.962,0.0,2021-12-03
0.962,0.962,0.962,0.0,2021-12-06
0.962,0.962,0.962,0.0,2021-12-07
0.962,0.962,0.962,0.0,2021-12-08
0.962,0.962,0.962,0.0,2021-12-09
0.962,0.962,0.962,0.0,2021-12-10
0.962,0.962,0.962,0.0,2021-12-13
0.962,0.962,0.962,0.0,2021-12-14
0.962,0.962,0.962,0.0,2021-12-15
0.962,0.962,0.962,0.0,2021-12-16
0.962,0.962,0.962,0.0,2021-12-17
0.962,0.962,0.962,0.0,2021-12-20
0.962,0.962,0.962,0.0,2021-12-21
0.962,0.962,0.962,0.0,2021-12-22
0.962,0.962,0.962,0.0,2021-12-23
0.962,0.962,0.962,0.0,2021-12-24
0.962,0.962,0.962,0.0,2021-12-27
0.962,0.962,0.962,0.0,2021-12-28
0.962,0.962,0.962,0.0,2021-12-29
0.962,0.962,0.962,0.0,2021-12-30
0.962,0.962,0.962,0.0,2021-12-31
0.962,0.962,0.962,0.0,2022-01-04
0.962,0.962,0.962,0.0,2022-01-05
0.962,0.962,0.962,0.0,2022-01-06
0.962,0.962,0.962,0.0,2022-01-07
0.962,0.962,0.962,0.0,2022-01-10
0.962,0.962,0.962,0.0,2022-01-11
0.962,0.962,0.962,0.0,2022-01-12
0.962,0.962,0.962,0.0,2022-01-13
0.962,0.962,0.962,0.0,2022-01-14
0.962,0.962,0.962,0.0,2022-01-17
0.962,0.962,0.962,0.0,2022-01-18
0.962,0.962,0.962,0.0,2022-01-19
0.962,0.962,0.962,0.0,2022-01-20
0.962,0.962,0.962,0.0,2022-01-21
0.962,0.962,0.962,0.0,2022-01-24
0.962,0.962,0.962,0.0,2022-01-25
0.962,0.962,0.962,0.0,2022-01-26
0.962,0.962,0.962,0.0,2022-01-27
0.962,0.962,0.962,0.0,2022-01-28
0.962,0.962,0.962,0.0,2022-02-07
0.962,0.962,0.962,0.0,2022-02-08
0.962,0.962,0.962,0.0,2022-02-09
0.962,0.962,0.962,0.0,2022-02-10
0.962,0.962,0.962,0.0,2022-02-11
0.962,0.962,0.962,0.0,2022-02-14
0.962,0.962,0.962,0.0,2022-02-15
0.962,0.962,0.962,0.0,2022-02-16
0.962,0.962,0.962,0.0,2022-02-17
0.962,0.962,0.962,0.0,2022-02-18
0.962,0.962,0.962,0.0,2022-02-21
0.962,0.962,0.962,0.0,2022-02-22
0.962,0.962,0.962,0.0,2022-02-23
0.962,0.962,0.962,0.0,2022-02-24
0.962,0.962,0.962,0.0,2022-02-25
0.962,0.962,0.962,0.0,2022-02-28
0.962,0.962,0.962,0.0,2022-03-01
0.962,0.962,0.962,0.0,2022-03-02
0.962,0.962,0.962,0.0,2022-03-03
0.962,0.962,0.962,0.0,2022-03-04
0.962,0.962,0.962,0.0,2022-03-07
0.962,0.962,0.962,0.0,2022-03-08
0.962,0.962,0.962,0.0,2022-03-09
0.962,0.962,0.962,0.0,2022-03-10
0.962,0.962,0.962,0.0,2022-03-11
0.962,0.962,0.962,0.0,2022-03-14
0.962,0.962,0.962,0.0,2022-03-15
0.962,0.962,0.962,0.0,2022-03-16
0.962,0.962,0.962,0.0,2022-03-17
0.962,0.962,0.962,0.0,2022-03-18
0.962,0.962,0.962,0.0,2022-03-21
0.962,0.962,0.962,0.0,2022-03-22
0.962,0.962,0.962,0.0,2022-03-23
0.962,0.962,0.962,0.0,2022-03-24
0.962,0.962,0.962,0.0,2022-03-25
0.962,0.962,0.962,0.0,2022-03-28
0.962,0.962,0.962,0.0,2022-03-29
0.925,0.925,0.925,-0.0384615385,2022-03-30
0.925,0.925,0.925,0.0,2022-03-31
0.925,0.925,0.925,0.0,2022-04-01
0.925,0.925,0.925,0.0,2022-04-06
0.925,0.925,0.925,0.0,2022-04-07
0.925,0.925,0.925,0.0,2022-04-08
0.925,0.925,0.925,0.0,2022-04-11
0.925,0.925,0.925,0.0,2022-04-12
0.925,0.925,0.925,0.0,2022-04-13
0.925,0.925,0.925,0.0,2022-04-14
0.925,0.925,0.925,0.0,2022-04-15
0.925,0.925,0.925,0.0,2022-04-18
0.925,0.925,0.925,0.0,2022-04-19
0.925,0.925,0.925,0.0,2022-04-20
0.925,0.925,0.925,0.0,2022-04-21
0.925,0.925,0.925,0.0,2022-04-22
0.925,0.925,0.925,0.0,2022-04-25
0.925,0.925,0.925,0.0,2022-04-26
0.925,0.925,0.925,0.0,2022-04-27
0.925,0.925,0.925,0.0,2022-04-28
0.925,0.925,0.925,0.0,2022-04-29
0.925,0.925,0.925,0.0,2022-05-05
0.925,0.925,0.925,0.0,2022-05-06
0.925,0.925,0.925,0.0,2022-05-09
0.925,0.925,0.925,0.0,2022-05-10
0.925,0.925,0.925,0.0,2022-05-11
0.925,0.925,0.925,0.0,2022-05-12
0.925,0.925,0.925,0.0,2022-05-13
0.925,0.925,0.925,0.0,2022-05-16
0.925,0.925,0.925,0.0,2022-05-17
0.925,0.925,0.925,0.0,2022-05-18
0.925,0.925,0.925,0.0,2022-05-19
0.925,0.925,0.925,0.0,2022-05-20
0.925,0.925,0.925,0.0,2022-05-23
0.925,0.925,0.925,0.0,2022-05-24
0.925,0.925,0.925,0.0,2022-05-25
0.925,0.925,0.925,0.0,2022-05-26
0.925,0.925,0.925,0.0,2022-05-27
0.925,0.925,0.925,0.0,2022-05-30
0.925,0.925,0.925,0.0,2022-05-31
0.925,0.925,0.925,0.0,2022-06-01
0.925,0.925,0.925,0.0,2022-06-02
0.925,0.925,0.925,0.0,2022-06-06
0.925,0.925,0.925,0.0,2022-06-07
0.925,0.925,0.925,0.0,2022-06-08
0.925,0.925,0.925,0.0,2022-06-09
0.925,0.925,0.925,0.0,2022-06-10
0.925,0.925,0.925,0.0,2022-06-13
0.925,0.925,0.925,0.0,2022-06-14
0.925,0.925,0.925,0.0,2022-06-15
0.925,0.925,0.925,0.0,2022-06-16
0.925,0.925,0.925,0.0,2022-06-17
0.925,0.925,0.925,0.0,2022-06-20
0.925,0.925,0.925,0.0,2022-06-21
0.925,0.925,0.925,0.0,2022-06-22
0.925,0.925,0.925,0.0,2022-06-23
0.925,0.925,0.925,0.0,2022-06-24
0.925,0.925,0.925,0.0,2022-06-27
0.925,0.925,0.925,0.0,2022-06-28
0.925,0.925,0.925,0.0,2022-06-29
0.925,0.925,0.925,0.0,2022-06-30
0.925,0.925,0.925,0.0,2022-07-01
0.925,0.925,0.925,0.0,2022-07-04
0.925,0.925,0.925,0.0,2022-07-05
0.925,0.925,0.925,0.0,2022-07-06
0.925,0.925,0.925,0.0,2022-07-07
0.925,0.925,0.925,0.0,2022-07-08
0.925,0.925,0.925,0.0,2022-07-11
0.925,0.925,0.925,0.0,2022-07-12
0.925,0.925,0.925,0.0,2022-07-13
0.925,0.925,0.925,0.0,2022-07-14
0.925,0.925,0.925,0.0,2022-07-15
0.925,0.925,0.925,0.0,2022-07-18
0.925,0.925,0.925,0.0,2022-07-19
0.925,0.925,0.925,0.0,2022-07-20
0.925,0.925,0.925,0.0,2022-07-21
0.925,0.925,0.925,0.0,2022-07-22
0.925,0.925,0.925,0.0,2022-07-25
0.925,0.925,0.925,0.0,2022-07-26
0.925,0.925,0.925,0.0,2022-07-27
0.925,0.925,0.925,0.0,2022-07-28
0.925,0.925,0.925,0.0,2022-07-29
0.925,0.925,0.925,0.0,2022-08-01
0.925,0.925,0.925,0.0,2022-08-02
0.925,0.925,0.925,0.0,2022-08-03
0.925,0.925,0.925,0.0,2022-08-04
0.925,0.925,0.925,0.0,2022-08-05
0.925,0.925,0.925,0.0,2022-08-08
0.925,0.925,0.925,0.0,2022-08-09
0.925,0.925,0.925,0.0,2022-08-10
0.925,0.925,0.925,0.0,2022-08-11
0.925,0.925,0.925,0.0,2022-08-12
0.925,0.925,0.925,0.0,2022-08-15
0.925,0.925,0.925,0.0,2022-08-16
0.925,0.925,0.925,0.0,2022-08-17
0.925,0.925,0.925,0.0,2022-08-18
0.925,0.925,0.925,0.0,2022-08-19
0.925,0.925,0.925,0.0,2022-08-22
0.925,0.925,0.925,0.0,2022-08-23
0.925,0.925,0.925,0.0,2022-08-24
0.925,0.925,0.925,0.0,2022-08-25
0.925,0.925,0.925,0.0,2022-08-26
0.925,0.925,0.925,0.0,2022-08-29
0.925,0.925,0.925,0.0,2022-08-30
0.925,0.925,0.925,0.0,2022-08-31
0.925,0.925,0.925,0.0,2022-09-01
0.925,0.925,0.925,0.0,2022-09-02
0.925,0.925,0.925,0.0,2022-09-05
0.925,0.925,0.925,0.0,2022-09-06
0.925,0.925,0.925,0.0,2022-09-07
0.925,0.925,0.925,0.0,2022-09-08
0.925,0.925,0.925,0.0,2022-09-09
0.925,0.925,0.925,0.0,2022-09-13
0.925,0.925,0.925,0.0,2022-09-14
0.925,0.925,0.925,0.0,2022-09-15
0.925,0.925,0.925,0.0,2022-09-16
0.925,0.925,0.925,0.0,2022-09-19
0.925,0.925,0.925,0.0,2022-09-20
0.925,0.925,0.925,0.0,2022-09-21
0.925,0.925,0.925,0.0,2022-09-22
0.925,0.925,0.925,0.0,2022-09-23
0.925,0.925,0.925,0.0,2022-09-26
0.925,0.925,0.925,0.0,2022-09-27
0.925,0.925,0.925,0.0,2022-09-28
0.925,0.925,0.925,0.0,2022-09-29
0.925,0.925,0.925,0.0,2022-09-30
0.934,0.934,0.934,0.0097297297,2022-10-10
0.953,0.953,0.953,0.0203426124,2022-10-11
0.94,0.94,0.94,-0.0136411333,2022-10-12
0.93,0.93,0.93,-0.0106382979,2022-10-13
0.93,0.93,0.93,0.0,2022-10-14
0.927,0.927,0.927,-0.0032258065,2022-10-17
0.929,0.929,0.929,0.0021574973,2022-10-18
0.929,0.929,0.929,0.0,2022-10-19
0.9,0.9,0.9,-0.0312163617,2022-10-20
0.901,0.901,0.901,0.0011111111,2022-10-21
0.914,0.914,0.914,0.0144284129,2022-10-24
0.896,0.896,0.896,-0.0196936543,2022-10-25
0.897,0.897,0.897,0.0011160714,2022-10-26
0.897,0.897,0.897,0.0,2022-10-27
0.904,0.904,0.904,0.0078037904,2022-10-28
0.88,0.88,0.88,-0.0265486726,2022-10-31
0.919,0.919,0.919,0.0443181818,2022-11-01
0.934,0.934,0.934,0.0163220892,2022-11-02
0.932,0.932,0.932,-0.0021413276,2022-11-03
0.933,0.933,0.933,0.0010729614,2022-11-04
0.941,0.941,0.941,0.0085744909,2022-11-07
0.983,0.983,0.983,0.0446333688,2022-11-08
1.053,1.053,1.053,0.0712105799,2022-11-09
1.073,1.073,1.073,0.0189933523,2022-11-10
1.088,1.088,1.088,0.0139794967,2022-11-11
1.163,1.163,1.163,0.0689338235,2022-11-14
1.171,1.171,1.171,0.0068787618,2022-11-15
1.184,1.184,1.184,0.0111016225,2022-11-16
1.212,1.212,1.212,0.0236486486,2022-11-17
1.215,1.215,1.215,0.0024752475,2022-11-18
1.22,1.22,1.22,0.0041152263,2022-11-21
1.203,1.203,1.203,-0.0139344262,2022-11-22
1.2,1.2,1.2,-0.0024937656,2022-11-23
1.217,1.217,1.217,0.0141666667,2022-11-24
1.231,1.231,1.231,0.0115036976,2022-11-25
1.227,1.227,1.227,-0.0032493907,2022-11-28
1.274,1.274,1.274,0.0383048085,2022-11-29
1.29,1.29,1.29,0.0125588697,2022-11-30
1.317,1.317,1.317,0.0209302326,2022-12-02
1.331,1.331,1.331,0.0106302202,2022-12-05
1.331,1.331,1.331,0.0,2022-12-06
1.344,1.344,1.344,0.0097670924,2022-12-07
1.345,1.345,1.345,0.0007440476,2022-12-08
1.35,1.35,1.35,0.0037174721,2022-12-09
1.363,1.363,1.363,0.0096296296,2022-12-12
1.355,1.355,1.355,-0.0058694057,2022-12-13
1.351,1.351,1.351,-0.0029520295,2022-12-14
1.286,1.286,1.286,-0.0481125093,2022-12-15
1.355,1.355,1.355,0.0536547434,2022-12-16
1.356,1.356,1.356,0.0007380074,2022-12-19
1.368,1.368,1.368,0.0088495575,2022-12-20
1.373,1.373,1.373,0.0036549708,2022-12-21
1.378,1.378,1.378,0.0036416606,2022-12-22
1.38,1.38,1.38,0.0014513788,2022-12-23
1.382,1.382,1.382,0.0014492754,2022-12-26
1.386,1.386,1.386,0.002894356,2022-12-27
1.388,1.388,1.388,0.0014430014,2022-12-28
1.388,1.388,1.388,0.0,2022-12-29
1.388,1.388,1.388,0.0,2022-12-30
1.391,1.391,1.391,0.0021613833,2023-01-03
1.401,1.401,1.401,0.0071890726,2023-01-04
1.4,1.4,1.4,-0.0007137759,2023-01-05
1.404,1.404,1.404,0.0028571429,2023-01-06
1.408,1.408,1.408,0.0028490028,2023-01-09
1.405,1.405,1.405,-0.0021306818,2023-01-10
1.41,1.41,1.41,0.0035587189,2023-01-11
1.426,1.426,1.426,0.0113475177,2023-01-12
1.43,1.43,1.43,0.0028050491,2023-01-13
1.435,1.435,1.435,0.0034965035,2023-01-16
1.44,1.44,1.44,0.0034843206,2023-01-17
1.456,1.456,1.456,0.0111111111,2023-01-18
1.455,1.455,1.455,-0.0006868132,2023-01-19
1.457,1.457,1.457,0.0013745704,2023-01-20
1.459,1.459,1.459,0.0013726836,2023-01-30
1.458,1.458,1.458,-0.000685401,2023-01-31
1.463,1.463,1.463,0.0034293553,2023-02-01
1.462,1.462,1.462,-0.000683527,2023-02-02
1.462,1.462,1.462,0.0,2023-02-03
1.461,1.461,1.461,-0.0006839945,2023-02-06
1.459,1.459,1.459,-0.0013689254,2023-02-07
1.459,1.459,1.459,0.0,2023-02-08
1.456,1.456,1.456,-0.0020562029,2023-02-09
1.455,1.455,1.455,-0.0006868132,2023-02-10
1.459,1.459,1.459,0.0027491409,2023-02-13
1.458,1.458,1.458,-0.000685401,2023-02-14
1.455,1.455,1.455,-0.0020576132,2023-02-15
1.461,1.461,1.461,0.0041237113,2023-02-16
1.46,1.46,1.46,-0.0006844627,2023-02-17
1.462,1.462,1.462,0.001369863,2023-02-20
1.461,1.461,1.461,-0.0006839945,2023-02-21
1.459,1.459,1.459,-0.0013689254,2023-02-22
1.459,1.459,1.459,0.0,2023-02-23
1.462,1.462,1.462,0.0020562029,2023-02-24
1.463,1.463,1.463,0.0006839945,2023-02-27
1.465,1.465,1.465,0.001367054,2023-02-28
1.466,1.466,1.466,0.0006825939,2023-03-01
1.468,1.468,1.468,0.0013642565,2023-03-02
1.471,1.471,1.471,0.0020435967,2023-03-03
1.471,1.471,1.471,0.0,2023-03-06
1.471,1.471,1.471,0.0,2023-03-07
1.471,1.471,1.471,0.0,2023-03-08
1.472,1.472,1.472,0.0006798097,2023-03-09
1.472,1.472,1.472,0.0,2023-03-10
1.473,1.473,1.473,0.0006793478,2023-03-13
1.473,1.473,1.473,0.0,2023-03-14
1.474,1.474,1.474,0.0006788866,2023-03-15
1.474,1.474,1.474,0.0,2023-03-16
1.475,1.475,1.475,0.0006784261,2023-03-17
1.476,1.476,1.476,0.0006779661,2023-03-20
1.476,1.476,1.476,0.0,2023-03-21
1.476,1.476,1.476,0.0,2023-03-22
1.476,1.476,1.476,0.0,2023-03-23
1.476,1.476,1.476,0.0,2023-03-24
1.487,1.487,1.487,0.0074525745,2023-03-27
1.663,1.663,1.663,0.1183591123,2023-03-28
1.663,1.663,1.663,0.0,2023-03-29
1.758,1.758,1.758,0.0571256765,2023-03-30
1.759,1.759,1.759,0.0005688282,2023-03-31
1.76,1.76,1.76,0.0005685048,2023-04-03
1.761,1.761,1.761,0.0005681818,2023-04-04
1.828,1.828,1.828,0.0380465645,2023-04-06
1.829,1.829,1.829,0.000547046,2023-04-07
1.831,1.831,1.831,0.0010934937,2023-04-10
1.832,1.832,1.832,0.0005461496,2023-04-11
1.833,1.833,1.833,0.0005458515,2023-04-12
1.834,1.834,1.834,0.0005455537,2023-04-13
1.834,1.834,1.834,0.0,2023-04-14
1.836,1.836,1.836,0.0010905125,2023-04-17
1.837,1.837,1.837,0.0005446623,2023-04-18
1.837,1.837,1.837,0.0,2023-04-19
1.915,1.915,1.915,0.0424605335,2023-04-20
1.916,1.916,1.916,0.0005221932,2023-04-21
1.918,1.918,1.918,0.0010438413,2023-04-24
1.965,1.965,1.965,0.0245046924,2023-04-25
1.966,1.966,1.966,0.0005089059,2023-04-26
1.968,1.968,1.968,0.001017294,2023-04-27
2.012,2.012,2.012,0.0223577236,2023-04-28
2.015,2.015,2.015,0.0014910537,2023-05-04
2.016,2.016,2.016,0.0004962779,2023-05-05
2.011,2.011,2.011,-0.0024801587,2023-05-08
2.013,2.013,2.013,0.0009945301,2023-05-09
2.01,2.01,2.01,-0.001490313,2023-05-10
2.008,2.008,2.008,-0.0009950249,2023-05-11
1.995,1.995,1.995,-0.0064741036,2023-05-12
1.997,1.997,1.997,0.0010025063,2023-05-15
1.969,1.969,1.969,-0.0140210315,2023-05-16
1.97,1.97,1.97,0.000507872,2023-05-17
1.97,1.97,1.97,0.0,2023-05-18
1.971,1.971,1.971,0.0005076142,2023-05-19
1.973,1.973,1.973,0.0010147133,2023-05-22
1.974,1.974,1.974,0.0005068424,2023-05-23
1.971,1.971,1.971,-0.0015197568,2023-05-24
1.966,1.966,1.966,-0.0025367834,2023-05-25
1.971,1.971,1.971,0.002543235,2023-05-26
1.964,1.964,1.964,-0.0035514967,2023-05-29
1.952,1.952,1.952,-0.0061099796,2023-05-30
1.887,1.887,1.887,-0.0332991803,2023-05-31
1.953,1.953,1.953,0.0349761526,2023-06-01
1.949,1.949,1.949,-0.0020481311,2023-06-02
1.951,1.951,1.951,0.0010261673,2023-06-05
1.951,1.951,1.951,0.0,2023-06-06
1.952,1.952,1.952,0.0005125577,2023-06-07
1.994,1.994,1.994,0.0215163934,2023-06-08
1.994,1.994,1.994,0.0,2023-06-09
2.016,2.016,2.016,0.0110330993,2023-06-12
2.017,2.017,2.017,0.0004960317,2023-06-13
1.983,1.983,1.983,-0.0168567179,2023-06-14
1.984,1.984,1.984,0.0005042864,2023-06-15
1.984,1.984,1.984,0.0,2023-06-16
1.982,1.982,1.982,-0.0010080645,2023-06-19
1.985,1.985,1.985,0.0015136226,2023-06-20
1.986,1.986,1.986,0.0005037783,2023-06-21
1.988,1.988,1.988,0.0010070493,2023-06-26
1.988,1.988,1.988,0.0,2023-06-27
1.989,1.989,1.989,0.0005030181,2023-06-28
1.989,1.989,1.989,0.0,2023-06-29
1.989,1.989,1.989,0.0,2023-06-30
1.992,1.992,1.992,0.0015082956,2023-07-03
1.99,1.99,1.99,-0.0010040161,2023-07-04
1.903,1.903,1.903,-0.043718593,2023-07-05
1.904,1.904,1.904,0.0005254861,2023-07-06
1.905,1.905,1.905,0.0005252101,2023-07-07
1.988,1.988,1.988,0.0435695538,2023-07-10
1.989,1.989,1.989,0.0005030181,2023-07-11
2.038,2.038,2.038,0.0246354952,2023-07-12
2.01,2.01,2.01,-0.0137389598,2023-07-13
2.011,2.011,2.011,0.0004975124,2023-07-14
2.012,2.012,2.012,0.000497265,2023-07-17
2.012,2.012,2.012,0.0,2023-07-18
2.016,2.016,2.016,0.0019880716,2023-07-19
2.016,2.016,2.016,0.0,2023-07-20
2.034,2.034,2.034,0.0089285714,2023-07-21
2.035,2.035,2.035,0.0004916421,2023-07-24
2.036,2.036,2.036,0.0004914005,2023-07-25
2.035,2.035,2.035,-0.0004911591,2023-07-26
2.035,2.035,2.035,0.0,2023-07-27
2.037,2.037,2.037,0.000982801,2023-07-28
2.025,2.025,2.025,-0.0058910162,2023-07-31
2.026,2.026,2.026,0.0004938272,2023-08-01
2.026,2.026,2.026,0.0,2023-08-02
2.024,2.024,2.024,-0.0009871668,2023-08-03
2.046,2.046,2.046,0.0108695652,2023-08-04
2.046,2.046,2.046,0.0,2023-08-07
2.046,2.046,2.046,0.0,2023-08-08
2.047,2.047,2.047,0.0004887586,2023-08-09
2.052,2.052,2.052,0.0024425989,2023-08-10
2.052,2.052,2.052,0.0,2023-08-11
2.052,2.052,2.052,0.0,2023-08-14
2.053,2.053,2.053,0.0004873294,2023-08-15
2.053,2.053,2.053,0.0,2023-08-16
2.053,2.053,2.053,0.0,2023-08-17
2.053,2.053,2.053,0.0,2023-08-18
2.053,2.053,2.053,0.0,2023-08-21
2.012,2.012,2.012,-0.0199707745,2023-08-22
2.007,2.007,2.007,-0.0024850895,2023-08-23
2.008,2.008,2.008,0.0004982561,2023-08-24
2.008,2.008,2.008,0.0,2023-08-25
2.01,2.01,2.01,0.0009960159,2023-08-28
2.011,2.011,2.011,0.0004975124,2023-08-29
2.013,2.013,2.013,0.0009945301,2023-08-30
2.013,2.013,2.013,0.0,2023-08-31
2.013,2.013,2.013,0.0,2023-09-01
2.014,2.014,2.014,0.000496771,2023-09-04
2.014,2.014,2.014,0.0,2023-09-05
2.014,2.014,2.014,0.0,2023-09-06
2.014,2.014,2.014,0.0,2023-09-07
2.014,2.014,2.014,0.0,2023-09-08
2.015,2.015,2.015,0.0004965243,2023-09-11
2.015,2.015,2.015,0.0,2023-09-12
2.015,2.015,2.015,0.0,2023-09-13
2.016,2.016,2.016,0.0004962779,2023-09-14
2.016,2.016,2.016,0.0,2023-09-15
2.017,2.017,2.017,0.0004960317,2023-09-18
2.017,2.017,2.017,0.0,2023-09-19
2.017,2.017,2.017,0.0,2023-09-20
2.017,2.017,2.017,0.0,2023-09-21
2.018,2.018,2.018,0.0004957858,2023-09-22
2.019,2.019,2.019,0.0004955401,2023-09-25
2.02,2.02,2.02,0.0004952947,2023-09-26
2.02,2.02,2.02,0.0,2023-09-27
2.021,2.021,2.021,0.0004950495,2023-09-28
2.024,2.024,2.024,0.0014844137,2023-10-09
2.024,2.024,2.024,0.0,2023-10-10
2.024,2.024,2.024,0.0,2023-10-11
2.025,2.025,2.025,0.0004940711,2023-10-12
2.025,2.025,2.025,0.0,2023-10-13
2.026,2.026,2.026,0.0004938272,2023-10-16
2.026,2.026,2.026,0.0,2023-10-17
2.026,2.026,2.026,0.0,2023-10-18
2.026,2.026,2.026,0.0,2023-10-19
2.028,2.028,2.028,0.0009871668,2023-10-20
2.028,2.028,2.028,0.0,2023-10-23
2.029,2.029,2.029,0.0004930966,2023-10-24
2.029,2.029,2.029,0.0,2023-10-25
2.029,2.029,2.029,0.0,2023-10-26
2.029,2.029,2.029,0.0,2023-10-27
2.03,2.03,2.03,0.0004928536,2023-10-30
2.03,2.03,2.03,0.0,2023-10-31
2.03,2.03,2.03,0.0,2023-11-01
2.03,2.03,2.03,0.0,2023-11-02
2.031,2.031,2.031,0.0004926108,2023-11-03
2.032,2.032,2.032,0.0004923683,2023-11-06
2.032,2.032,2.032,0.0,2023-11-07
2.032,2.032,2.032,0.0,2023-11-08
2.032,2.032,2.032,0.0,2023-11-09
2.033,2.033,2.033,0.000492126,2023-11-10
2.033,2.033,2.033,0.0,2023-11-13
2.034,2.034,2.034,0.0004918839,2023-11-14
2.034,2.034,2.034,0.0,2023-11-15
2.035,2.035,2.035,0.0004916421,2023-11-16
2.035,2.035,2.035,0.0,2023-11-17
2.036,2.036,2.036,0.0004914005,2023-11-20
2.036,2.036,2.036,0.0,2023-11-21
2.036,2.036,2.036,0.0,2023-11-22
2.036,2.036,2.036,0.0,2023-11-23
2.04,2.04,2.04,0.0019646365,2023-11-24
2.019,2.019,2.019,-0.0102941176,2023-11-27
2.019,2.019,2.019,0.0,2023-11-28
2.018,2.018,2.018,-0.0004952947,2023-11-29
2.018,2.018,2.018,0.0,2023-11-30
2.018,2.018,2.018,0.0,2023-12-01
2.019,2.019,2.019,0.0004955401,2023-12-04
2.019,2.019,2.019,0.0,2023-12-05
2.019,2.019,2.019,0.0,2023-12-06
2.019,2.019,2.019,0.0,2023-12-07
2.019,2.019,2.019,0.0,2023-12-08
2.02,2.02,2.02,0.0004952947,2023-12-11
2.02,2.02,2.02,0.0,2023-12-12
2.02,2.02,2.02,0.0,2023-12-13
2.021,2.021,2.021,0.0004950495,2023-12-14
2.006,2.006,2.006,-0.0074220683,2023-12-15
2.019,2.019,2.019,0.0064805583,2023-12-18
2.029,2.029,2.029,0.004952947,2023-12-19
2.037,2.037,2.037,0.003942829,2023-12-20
2.019,2.019,2.019,-0.0088365243,2023-12-21
2.024,2.024,2.024,0.0024764735,2023-12-22
2.026,2.026,2.026,0.0009881423,2023-12-25
2.038,2.038,2.038,0.005923001,2023-12-26
2.043,2.043,2.043,0.0024533857,2023-12-27
2.037,2.037,2.037,-0.0029368576,2023-12-28
2.032,2.032,2.032,-0.0024545901,2023-12-29
2.029,2.029,2.029,-0.001476378,2024-01-02
2.006,2.006,2.006,-0.0113356333,2024-01-03
1.999,1.999,1.999,-0.0034895314,2024-01-04
1.989,1.989,1.989,-0.0050025013,2024-01-05
1.99,1.99,1.99,0.0005027652,2024-01-08
2.026,2.026,2.026,0.0180904523,2024-01-09
2.028,2.028,2.028,0.0009871668,2024-01-10
2.046,2.046,2.046,0.0088757396,2024-01-11
2.041,2.041,2.041,-0.0024437928,2024-01-12
2.05,2.05,2.05,0.0044096031,2024-01-15
2.036,2.036,2.036,-0.0068292683,2024-01-16
2.034,2.034,2.034,-0.0009823183,2024-01-17
2.04,2.04,2.04,0.0029498525,2024-01-18
2.069,2.069,2.069,0.0142156863,2024-01-19
2.109,2.109,2.109,0.0193330111,2024-01-22
2.094,2.094,2.094,-0.0071123755,2024-01-23
2.105,2.105,2.105,0.0052531041,2024-01-24
2.097,2.097,2.097,-0.0038004751,2024-01-25
2.087,2.087,2.087,-0.0047687172,2024-01-26
2.097,2.097,2.097,0.0047915668,2024-01-29
2.118,2.118,2.118,0.0100143062,2024-01-30
2.09,2.09,2.09,-0.0132200189,2024-01-31
2.074,2.074,2.074,-0.0076555024,2024-02-01
2.109,2.109,2.109,0.0168756027,2024-02-02
2.116,2.116,2.116,0.0033191086,2024-02-05
2.117,2.117,2.117,0.0004725898,2024-02-06
2.109,2.109,2.109,-0.0037789325,2024-02-07
2.139,2.139,2.139,0.0142247511,2024-02-08
2.125,2.125,2.125,-0.0065451145,2024-02-19
2.125,2.125,2.125,0.0,2024-02-20
2.125,2.125,2.125,0.0,2024-02-21
2.125,2.125,2.125,0.0,2024-02-22
2.126,2.126,2.126,0.0004705882,2024-02-23
2.125,2.125,2.125,-0.0004703669,2024-02-26
2.126,2.126,2.126,0.0004705882,2024-02-27
2.115,2.115,2.115,-0.0051740357,2024-02-28
2.138,2.138,2.138,0.0108747045,2024-02-29
2.169,2.169,2.169,0.0144995323,2024-03-01
2.152,2.152,2.152,-0.0078377132,2024-03-04
2.162,2.162,2.162,0.0046468401,2024-03-05
2.16,2.16,2.16,-0.0009250694,2024-03-06
2.149,2.149,2.149,-0.0050925926,2024-03-07
2.161,2.161,2.161,0.0055839926,2024-03-08
2.161,2.161,2.161,0.0,2024-03-11
2.146,2.146,2.146,-0.0069412309,2024-03-12
2.143,2.143,2.143,-0.0013979497,2024-03-13
2.145,2.145,2.145,0.0009332711,2024-03-14
2.157,2.157,2.157,0.0055944056,2024-03-15
2.161,2.161,2.161,0.0018544274,2024-03-18
2.151,2.151,2.151,-0.0046274873,2024-03-19
2.148,2.148,2.148,-0.0013947001,2024-03-20
2.142,2.142,2.142,-0.0027932961,2024-03-21
2.132,2.132,2.132,-0.0046685341,2024-03-22
2.169,2.169,2.169,0.0173545966,2024-03-25
2.336,2.336,2.336,0.0769940065,2024-03-26
2.361,2.361,2.361,0.0107020548,2024-03-27
2.408,2.408,2.408,0.0199068191,2024-03-28
2.425,2.425,2.425,0.0070598007,2024-03-29
2.447,2.447,2.447,0.0090721649,2024-04-01
2.44,2.44,2.44,-0.0028606457,2024-04-02
2.452,2.452,2.452,0.0049180328,2024-04-03
2.457,2.457,2.457,0.0020391517,2024-04-08
2.472,2.472,2.472,0.0061050061,2024-04-09
2.468,2.468,2.468,-0.001618123,2024-04-10
2.481,2.481,2.481,0.005267423,2024-04-11
2.447,2.447,2.447,-0.0137041516,2024-04-12
2.45,2.45,2.45,0.001225991,2024-04-15
2.471,2.471,2.471,0.0085714286,2024-04-16
2.495,2.495,2.495,0.0097126669,2024-04-17
2.502,2.502,2.502,0.0028056112,2024-04-18
2.501,2.501,2.501,-0.0003996803,2024-04-19
2.503,2.503,2.503,0.0007996801,2024-04-22
2.486,2.486,2.486,-0.0067918498,2024-04-23
2.492,2.492,2.492,0.0024135157,2024-04-24
2.494,2.494,2.494,0.0008025682,2024-04-25
2.517,2.517,2.517,0.0092221331,2024-04-26
2.49,2.49,2.49,-0.010727056,2024-04-29
2.499,2.499,2.499,0.0036144578,2024-04-30
2.504,2.504,2.504,0.0020008003,2024-05-06
2.488,2.488,2.488,-0.0063897764,2024-05-07
2.504,2.504,2.504,0.0064308682,2024-05-08
2.514,2.514,2.514,0.0039936102,2024-05-09
2.505,2.505,2.505,-0.0035799523,2024-05-10
2.505,2.505,2.505,0.0,2024-05-13
2.529,2.529,2.529,0.0095808383,2024-05-14
2.509,2.509,2.509,-0.0079082641,2024-05-15
2.495,2.495,2.495,-0.0055799123,2024-05-16
2.51,2.51,2.51,0.006012024,2024-05-17
2.505,2.505,2.505,-0.0019920319,2024-05-20
2.497,2.497,2.497,-0.0031936128,2024-05-21
2.497,2.497,2.497,0.0,2024-05-22
2.474,2.474,2.474,-0.0092110533,2024-05-23
2.461,2.461,2.461,-0.0052546483,2024-05-24
2.475,2.475,2.475,0.0056887444,2024-05-27
2.462,2.462,2.462,-0.0052525253,2024-05-28
2.45,2.45,2.45,-0.0048740861,2024-05-29
2.445,2.445,2.445,-0.0020408163,2024-05-30
2.431,2.431,2.431,-0.0057259714,2024-05-31
2.429,2.429,2.429,-0.0008227067,2024-06-03
2.45,2.45,2.45,0.0086455331,2024-06-04
2.41,2.41,2.41,-0.0163265306,2024-06-05
2.418,2.418,2.418,0.0033195021,2024-06-06
2.411,2.411,2.411,-0.0028949545,2024-06-07
2.407,2.407,2.407,-0.0016590626,2024-06-11
2.404,2.404,2.404,-0.0012463648,2024-06-12
2.406,2.406,2.406,0.0008319468,2024-06-13
2.406,2.406,2.406,0.0,2024-06-14
2.404,2.404,2.404,-0.0008312552,2024-06-17
2.413,2.413,2.413,0.0037437604,2024-06-18
2.402,2.402,2.402,-0.0045586407,2024-06-19
2.399,2.399,2.399,-0.0012489592,2024-06-20
2.396,2.396,2.396,-0.0012505211,2024-06-21
2.384,2.384,2.384,-0.0050083472,2024-06-24
2.364,2.364,2.364,-0.0083892617,2024-06-25
2.383,2.383,2.383,0.008037225,2024-06-26
2.375,2.375,2.375,-0.0033571129,2024-06-27
2.415,2.415,2.415,0.0168421053,2024-06-28
2.432,2.432,2.432,0.0070393375,2024-07-01
2.425,2.425,2.425,-0.0028782895,2024-07-02
2.399,2.399,2.399,-0.0107216495,2024-07-03
2.399,2.399,2.399,0.0,2024-07-04
2.4,2.4,2.4,0.0004168404,2024-07-05
2.379,2.379,2.379,-0.00875,2024-07-08
2.418,2.418,2.418,0.0163934426,2024-07-09
2.419,2.419,2.419,0.0004135649,2024-07-10
2.424,2.424,2.424,0.0020669698,2024-07-11
2.429,2.429,2.429,0.0020627063,2024-07-12
2.408,2.408,2.408,-0.0086455331,2024-07-15
2.418,2.418,2.418,0.0041528239,2024-07-16
2.404,2.404,2.404,-0.005789909,2024-07-17
2.404,2.404,2.404,0.0,2024-07-18
2.421,2.421,2.421,0.0070715474,2024-07-19
2.436,2.436,2.436,0.0061957869,2024-07-22
2.427,2.427,2.427,-0.0036945813,2024-07-23
2.442,2.442,2.442,0.0061804697,2024-07-24
2.438,2.438,2.438,-0.0016380016,2024-07-25
2.439,2.439,2.439,0.0004101723,2024-07-26
2.461,2.461,2.461,0.0090200902,2024-07-29
2.462,2.462,2.462,0.0004063389,2024-07-30
2.454,2.454,2.454,-0.0032493907,2024-07-31
2.463,2.463,2.463,0.0036674817,2024-08-01
2.447,2.447,2.447,-0.0064961429,2024-08-02
2.448,2.448,2.448,0.0004086637,2024-08-05
2.439,2.439,2.439,-0.0036764706,2024-08-06
2.442,2.442,2.442,0.0012300123,2024-08-07
2.45,2.45,2.45,0.0032760033,2024-08-08
2.451,2.451,2.451,0.0004081633,2024-08-09
2.431,2.431,2.431,-0.0081599347,2024-08-12
2.426,2.426,2.426,-0.0020567668,2024-08-13
2.423,2.423,2.423,-0.0012366035,2024-08-14
2.418,2.418,2.418,-0.0020635576,2024-08-15
2.434,2.434,2.434,0.0066170389,2024-08-16
2.432,2.432,2.432,-0.0008216927,2024-08-19
2.414,2.414,2.414,-0.0074013158,2024-08-20
2.407,2.407,2.407,-0.0028997514,2024-08-21
2.409,2.409,2.409,0.0008309098,2024-08-22
2.385,2.385,2.385,-0.0099626401,2024-08-23
2.39,2.39,2.39,0.0020964361,2024-08-26
2.383,2.383,2.383,-0.0029288703,2024-08-27
2.376,2.376,2.376,-0.0029374738,2024-08-28
2.384,2.384,2.384,0.0033670034,2024-08-29
2.38,2.38,2.38,-0.0016778523,2024-08-30
2.389,2.389,2.389,0.0037815126,2024-09-02
2.384,2.384,2.384,-0.0020929259,2024-09-03
2.372,2.372,2.372,-0.005033557,2024-09-04
2.372,2.372,2.372,0.0,2024-09-05
2.37,2.37,2.37,-0.0008431703,2024-09-06
2.368,2.368,2.368,-0.0008438819,2024-09-09
2.369,2.369,2.369,0.0004222973,2024-09-10
2.38,2.38,2.38,0.0046433094,2024-09-11
2.355,2.355,2.355,-0.0105042017,2024-09-12
2.317,2.317,2.317,-0.0161358811,2024-09-13
2.286,2.286,2.286,-0.0133793699,2024-09-18
2.288,2.288,2.288,0.0008748906,2024-09-19
2.294,2.294,2.294,0.0026223776,2024-09-20
2.278,2.278,2.278,-0.0069747167,2024-09-23
2.283,2.283,2.283,0.0021949078,2024-09-24
2.289,2.289,2.289,0.0026281209,2024-09-25
2.278,2.278,2.278,-0.004805592,2024-09-26
2.289,2.289,2.289,0.0048287972,2024-09-27
2.295,2.295,2.295,0.002621232,2024-09-30
2.282,2.282,2.282,-0.005664488,2024-10-08
2.287,2.287,2.287,0.0021910605,2024-10-09
2.289,2.289,2.289,0.0008745081,2024-10-10
2.295,2.295,2.295,0.002621232,2024-10-11
2.327,2.327,2.327,0.0139433551,2024-10-14
2.312,2.312,2.312,-0.0064460679,2024-10-15
2.352,2.352,2.352,0.0173010381,2024-10-16
2.34,2.34,2.34,-0.0051020408,2024-10-17
2.341,2.341,2.341,0.0004273504,2024-10-18
2.343,2.343,2.343,0.0008543358,2024-10-21
2.337,2.337,2.337,-0.0025608195,2024-10-22
2.342,2.342,2.342,0.0021394951,2024-10-23
2.337,2.337,2.337,-0.0021349274,2024-10-24
2.337,2.337,2.337,0.0,2024-10-25
2.327,2.327,2.327,-0.0042789902,2024-10-28
2.332,2.332,2.332,0.0021486893,2024-10-29
2.332,2.332,2.332,0.0,2024-10-30
2.327,2.327,2.327,-0.0021440823,2024-10-31
2.328,2.328,2.328,0.0004297379,2024-11-01
2.327,2.327,2.327,-0.0004295533,2024-11-04
2.332,2.332,2.332,0.0021486893,2024-11-05
2.332,2.332,2.332,0.0,2024-11-06
2.329,2.329,2.329,-0.0012864494,2024-11-07
2.335,2.335,2.335,0.002576213,2024-11-08
2.344,2.344,2.344,0.0038543897,2024-11-11
2.345,2.345,2.345,0.0004266212,2024-11-12
2.352,2.352,2.352,0.0029850746,2024-11-13
2.351,2.351,2.351,-0.0004251701,2024-11-14
2.338,2.338,2.338,-0.0055295619,2024-11-15
2.327,2.327,2.327,-0.004704876,2024-11-18
2.325,2.325,2.325,-0.0008594757,2024-11-19
2.345,2.345,2.345,0.0086021505,2024-11-20
2.322,2.322,2.322,-0.0098081023,2024-11-21
2.31,2.31,2.31,-0.0051679587,2024-11-22
2.309,2.309,2.309,-0.0004329004,2024-11-25
2.291,2.291,2.291,-0.0077955825,2024-11-26
2.285,2.285,2.285,-0.0026189437,2024-11-27
2.282,2.282,2.282,-0.0013129103,2024-11-28
2.307,2.307,2.307,0.0109553024,2024-11-29
2.297,2.297,2.297,-0.0043346337,2024-12-02
2.304,2.304,2.304,0.0030474532,2024-12-03
2.305,2.305,2.305,0.0004340278,2024-12-04
2.301,2.301,2.301,-0.0017353579,2024-12-05
2.303,2.303,2.303,0.0008691873,2024-12-06
2.308,2.308,2.308,0.0021710812,2024-12-09
2.322,2.322,2.322,0.0060658579,2024-12-10
2.317,2.317,2.317,-0.0021533161,2024-12-11
2.322,2.322,2.322,0.0021579629,2024-12-12
2.313,2.313,2.313,-0.003875969,2024-12-13
2.313,2.313,2.313,0.0,2024-12-16
2.307,2.307,2.307,-0.0025940337,2024-12-17
2.299,2.299,2.299,-0.003467707,2024-12-18
2.281,2.281,2.281,-0.0078294911,2024-12-19
2.244,2.244,2.244,-0.0162209557,2024-12-20
2.192,2.192,2.192,-0.0231729055,2024-12-23
2.135,2.135,2.135,-0.0260036496,2024-12-24
2.086,2.086,2.086,-0.0229508197,2024-12-25
2.075,2.075,2.075,-0.0052732502,2024-12-26
2.07,2.07,2.07,-0.0024096386,2024-12-27
2.042,2.042,2.042,-0.01352657,2024-12-30
2.011,2.011,2.011,-0.0151811949,2024-12-31
2.038,2.038,2.038,0.0134261561,2025-01-02
2.028,2.028,2.028,-0.0049067713,2025-01-03
2.011,2.011,2.011,-0.008382643,2025-01-06
1.995,1.995,1.995,-0.0079562407,2025-01-07
1.964,1.964,1.964,-0.0155388471,2025-01-08
1.944,1.944,1.944,-0.0101832994,2025-01-09
1.9,1.9,1.9,-0.0226337449,2025-01-10
1.863,1.863,1.863,-0.0194736842,2025-01-13
1.814,1.814,1.814,-0.026301664,2025-01-14
1.748,1.748,1.748,-0.0363836825,2025-01-15
1.67,1.67,1.67,-0.0446224256,2025-01-16
1.671,1.671,1.671,0.0005988024,2025-01-17
1.619,1.619,1.619,-0.0311190904,2025-01-20
1.62,1.62,1.62,0.0006176652,2025-01-21
1.624,1.624,1.624,0.0024691358,2025-01-22
1.624,1.624,1.624,0.0,2025-01-23
1.639,1.639,1.639,0.0092364532,2025-01-24
1.719,1.719,1.719,0.0488102502,2025-01-27
1.837,1.837,1.837,0.0686445608,2025-02-05
1.952,1.952,1.952,0.0626020686,2025-02-06
2.03,2.03,2.03,0.0399590164,2025-02-07
2.11,2.11,2.11,0.039408867,2025-02-10
2.191,2.191,2.191,0.0383886256,2025-02-11
2.268,2.268,2.268,0.03514377,2025-02-12
2.357,2.357,2.357,0.0392416226,2025-02-13
2.422,2.422,2.422,0.0275774289,2025-02-14
2.467,2.467,2.467,0.0185796862,2025-02-17
2.464,2.464,2.464,-0.0012160519,2025-02-18
2.458,2.458,2.458,-0.0024350649,2025-02-19
2.442,2.442,2.442,-0.0065093572,2025-02-20
2.435,2.435,2.435,-0.0028665029,2025-02-21
2.438,2.438,2.438,0.0012320329,2025-02-24
2.443,2.443,2.443,0.0020508614,2025-02-25
2.434,2.434,2.434,-0.0036839951,2025-02-26
2.429,2.429,2.429,-0.0020542317,2025-02-27
2.372,2.372,2.372,-0.0234664471,2025-02-28
2.356,2.356,2.356,-0.0067453626,2025-03-03
2.173,2.173,2.173,-0.0776740238,2025-03-04
2.157,2.157,2.157,-0.0073630925,2025-03-05
2.117,2.117,2.117,-0.0185442745,2025-03-06
2.255,2.255,2.255,0.0651865848,2025-03-07
2.272,2.272,2.272,0.0075388027,2025-03-10
2.229,2.229,2.229,-0.0189260563,2025-03-11
2.229,2.229,2.229,0.0,2025-03-12
2.229,2.229,2.229,0.0,2025-03-13
2.229,2.229,2.229,0.0,2025-03-14
2.221,2.221,2.221,-0.0035890534,2025-03-17
2.221,2.221,2.221,0.0,2025-03-18
2.221,2.221,2.221,0.0,2025-03-19
2.221,2.221,2.221,0.0,2025-03-20
2.201,2.201,2.201,-0.0090049527,2025-03-21
2.201,2.201,2.201,0.0,2025-03-24
2.201,2.201,2.201,0.0,2025-03-25
2.202,2.202,2.202,0.0004543389,2025-03-26
2.202,2.202,2.202,0.0,2025-03-27
2.202,2.202,2.202,0.0,2025-03-28
2.202,2.202,2.202,0.0,2025-03-31
2.203,2.203,2.203,0.0004541326,2025-04-01
2.203,2.203,2.203,0.0,2025-04-02
2.203,2.203,2.203,0.0,2025-04-03
2.204,2.204,2.204,0.0004539265,2025-04-07
2.204,2.204,2.204,0.0,2025-04-08
2.204,2.204,2.204,0.0,2025-04-09
2.204,2.204,2.204,0.0,2025-04-10
2.205,2.205,2.205,0.0004537205,2025-04-11
2.205,2.205,2.205,0.0,2025-04-14
2.205,2.205,2.205,0.0,2025-04-15
2.206,2.206,2.206,0.0004535147,2025-04-16
2.206,2.206,2.206,0.0,2025-04-17
2.206,2.206,2.206,0.0,2025-04-18
2.207,2.207,2.207,0.0004533092,2025-04-21
2.207,2.207,2.207,0.0,2025-04-22
2.207,2.207,2.207,0.0,2025-04-23
2.207,2.207,2.207,0.0,2025-04-24
2.207,2.207,2.207,0.0,2025-04-25
2.208,2.208,2.208,0.0004531038,2025-04-28
2.208,2.208,2.208,0.0,2025-04-29
2.208,2.208,2.208,0.0,2025-04-30
2.205,2.205,2.205,-0.0013586957,2025-05-06
2.205,2.205,2.205,0.0,2025-05-07
2.205,2.205,2.205,0.0,2025-05-08
2.206,2.206,2.206,0.0004535147,2025-05-09
2.206,2.206,2.206,0.0,2025-05-12
2.206,2.206,2.206,0.0,2025-05-13
2.206,2.206,2.206,0.0,2025-05-14
2.207,2.207,2.207,0.0004533092,2025-05-15
2.207,2.207,2.207,0.0,2025-05-16
2.207,2.207,2.207,0.0,2025-05-19
2.198,2.198,2.198,-0.0040779338,2025-05-20
2.198,2.198,2.198,0.0,2025-05-23
2.198,2.198,2.198,0.0,2025-05-30
2.226,2.226,2.226,0.0127388535,2025-06-06
2.161,2.161,2.161,-0.0292003594,2025-06-13
2.199,2.199,2.199,0.0175844516,2025-06-20
2.212,2.212,2.212,0.0059117781,2025-06-27
2.192,2.192,2.192,-0.0090415913,2025-06-30
2.181,2.181,2.181,-0.0050182482,2025-07-04
2.171,2.171,2.171,-0.0045850527,2025-07-11
2.183,2.183,2.183,0.0055274067,2025-07-18
2.211,2.211,2.211,0.0128263857,2025-07-25
2.197,2.197,2.197,-0.0063319765,2025-07-31
2.222,2.222,2.222,0.0113791534,2025-08-01
2.272,2.272,2.272,0.0225022502,2025-08-08
2.282,2.282,2.282,0.0044014085,2025-08-15
2.277,2.277,2.277,-0.0021910605,2025-08-22
2.504,2.504,2.504,0.099692578,2025-08-29
2.613,2.613,2.613,0.0435303514,2025-09-05
2.876,2.876,2.876,0.1006505932,2025-09-12
3.084,3.084,3.084,0.0723226704,2025-09-19
2.936,2.936,2.936,-0.0479896239,2025-09-26
2.989,2.989,2.989,0.0180517711,2025-09-30
3.006,3.006,3.006,0.0056875209,2025-10-10
2.91,2.91,2.91,-0.0319361277,2025-10-17
3.43,3.43,3.43,0.1786941581,2025-10-24
3.548,3.548,3.548,0.0344023324,2025-10-31
3.82,3.82,3.82,0.0766629087,2025-11-07
3.802,3.802,3.802,-0.0047120419,2025-11-14
3.747,3.747,3.747,-0.0144660705,2025-11-21
4.13,4.13,4.13,0.1022151054,2025-11-28
3.798,3.798,3.798,-0.0803874092,2025-12-05
3.667,3.667,3.667,-0.0344918378,2025-12-12
3.556,3.556,3.556,-0.0302699755,2025-12-19
3.479,3.479,3.479,-0.0216535433,2025-12-26
3.48,3.48,3.48,0.0002874389,2025-12-31
3.479,3.479,3.479,-0.0002873563,2026-01-09
3.365,3.365,3.365,-0.0327680368,2026-01-16
3.291,3.291,3.291,-0.0219910847,2026-01-23
3.129,3.129,3.129,-0.0492251595,2026-01-30
3.142,3.142,3.142,0.004154682,2026-02-06
3.344,3.344,3.344,0.064290261,2026-02-13
3.346,3.346,3.346,0.0005980861,2026-02-27
3.087,3.087,3.087,-0.0774058577,2026-03-06
2.997,2.997,2.997,-0.029154519,2026-03-13
2.847,2.847,2.847,-0.0500500501,2026-03-20
3.022,3.022,3.022,0.0614682122,2026-03-27
3.03,3.03,3.03,0.0026472535,2026-04-03
3.064,3.064,3.064,0.0112211221,2026-04-10
3.176,3.176,3.176,0.0365535248,2026-04-17
3.142,3.142,3.142,-0.0107052897,2026-04-24
3.394,3.394,3.394,0.0802036919,2026-04-30
3.436,3.436,3.436,0.012374779,2026-05-08
3.521,3.521,3.521,0.0247380675,2026-05-15
3.501,3.501,3.501,-0.0056802045,2026-05-22
