nav,cumulative_nav_withdrawal,cumulative_nav,price_change,price_date
1.0,1.0,1.0,0.0,2008-03-07
0.9991,0.9991,0.9991,-0.0009,2008-03-14
1.0022,1.0022,1.0022,0.0031027925,2008-03-21
1.0022,1.0022,1.0022,0.0,2008-03-28
1.0138,1.0138,1.0138,0.011574536,2008-04-03
1.0138,1.0138,1.0138,0.0,2008-04-11
1.0129,1.0129,1.0129,-0.0008877491,2008-04-18
1.0135,1.0135,1.0135,0.0005923586,2008-04-25
1.046,1.046,1.046,0.0320670942,2008-04-30
1.0463,1.0463,1.0463,0.0002868069,2008-05-09
1.0271,1.0271,1.0271,-0.0183503775,2008-05-16
1.0112,1.0112,1.0112,-0.015480479,2008-05-23
0.9747,0.9747,0.9747,-0.0360957278,2008-05-30
0.9461,0.9461,0.9461,-0.0293423618,2008-06-06
0.9103,0.9103,0.9103,-0.0378395518,2008-06-13
0.7793,0.7793,0.7793,-0.1439086016,2008-06-20
0.7919,0.7919,0.7919,0.0161683562,2008-06-27
0.7832,0.7832,0.7832,-0.0109862356,2008-07-04
0.7837,0.7837,0.7837,0.0006384065,2008-07-11
0.8002,0.8002,0.8002,0.0210539747,2008-07-18
0.8233,0.8233,0.8233,0.0288677831,2008-07-25
0.8417,0.8417,0.8417,0.022349083,2008-08-01
0.8331,0.8331,0.8331,-0.0102174171,2008-08-08
0.7994,0.7994,0.7994,-0.0404513264,2008-08-15
0.754,0.754,0.754,-0.0567925944,2008-08-22
0.7524,0.7524,0.7524,-0.0021220159,2008-08-29
0.7545,0.7545,0.7545,0.0027910686,2008-09-05
0.6853,0.6853,0.6853,-0.0917163685,2008-09-12
0.6871,0.6871,0.6871,0.0026265869,2008-09-19
0.6493,0.6493,0.6493,-0.0550138262,2008-09-26
0.651,0.651,0.651,0.0026182042,2008-10-10
0.6412,0.6412,0.6412,-0.0150537634,2008-10-17
0.6414,0.6414,0.6414,0.0003119152,2008-10-24
0.6415,0.6415,0.6415,0.0001559089,2008-10-31
0.6417,0.6417,0.6417,0.0003117693,2008-11-07
0.6376,0.6376,0.6376,-0.0063892785,2008-11-14
0.6386,0.6386,0.6386,0.0015683814,2008-11-21
0.635,0.635,0.635,-0.0056373317,2008-11-28
0.6351,0.6351,0.6351,0.0001574803,2008-12-05
0.5693,0.5693,0.5693,-0.1036057314,2008-12-12
0.5924,0.5924,0.5924,0.0405761461,2008-12-19
0.5607,0.5607,0.5607,-0.0535111411,2009-01-09
0.5707,0.5707,0.5707,0.0178348493,2009-01-16
0.5886,0.5886,0.5886,0.0313649904,2009-01-23
0.6514,0.6514,0.6514,0.1066938498,2009-02-06
0.6557,0.6557,0.6557,0.0066011667,2009-02-13
0.606,0.606,0.606,-0.0757968583,2009-02-20
0.6022,0.6022,0.6022,-0.0062706271,2009-02-27
0.6073,0.6073,0.6073,0.0084689472,2009-03-06
0.6066,0.6066,0.6066,-0.0011526428,2009-03-13
0.5923,0.5923,0.5923,-0.0235740191,2009-03-20
0.6048,0.6048,0.6048,0.0211041702,2009-03-27
0.6078,0.6078,0.6078,0.0049603175,2009-04-03
0.632,0.632,0.632,0.0398157289,2009-04-10
0.6598,0.6598,0.6598,0.0439873418,2009-04-17
0.6331,0.6331,0.6331,-0.0404668081,2009-04-24
0.6675,0.6675,0.6675,0.0543358079,2009-04-30
0.6603,0.6603,0.6603,-0.0107865169,2009-05-08
0.6582,0.6582,0.6582,-0.0031803726,2009-05-15
0.6242,0.6242,0.6242,-0.0516560316,2009-05-22
0.6243,0.6243,0.6243,0.0001602051,2009-05-27
0.6501,0.6501,0.6501,0.0413262854,2009-06-05
0.645,0.645,0.645,-0.0078449469,2009-06-12
0.6757,0.6757,0.6757,0.0475968992,2009-06-19
0.6835,0.6835,0.6835,0.0115435844,2009-06-26
0.7074,0.7074,0.7074,0.0349670812,2009-07-03
0.7302,0.7302,0.7302,0.032230704,2009-07-10
0.7294,0.7294,0.7294,-0.0010955902,2009-07-17
0.781,0.781,0.781,0.0707430765,2009-07-24
0.8329,0.8329,0.8329,0.066453265,2009-07-31
0.7676,0.7676,0.7676,-0.0784007684,2009-08-07
0.7465,0.7465,0.7465,-0.0274882751,2009-08-14
0.7463,0.7463,0.7463,-0.0002679169,2009-08-21
0.7465,0.7465,0.7465,0.0002679887,2009-08-28
0.748,0.748,0.748,0.0020093771,2009-09-04
0.8005,0.8005,0.8005,0.0701871658,2009-09-11
0.8307,0.8307,0.8307,0.037726421,2009-09-18
0.7362,0.7362,0.7362,-0.11375948,2009-09-25
0.7236,0.7236,0.7236,-0.0171149144,2009-09-30
0.738,0.738,0.738,0.0199004975,2009-10-09
0.7384,0.7384,0.7384,0.0005420054,2009-10-16
0.7818,0.7818,0.7818,0.0587757313,2009-10-23
0.8183,0.8183,0.8183,0.0466871323,2009-10-30
0.9745,0.9745,0.9745,0.190883539,2009-11-06
0.9732,0.9732,0.9732,-0.0013340174,2009-11-13
1.0152,1.0152,1.0152,0.0431565968,2009-11-20
1.0271,1.0271,1.0271,0.0117218282,2009-11-27
1.0978,1.0978,1.0978,0.0688345828,2009-12-04
1.0873,1.0873,1.0873,-0.0095645837,2009-12-11
1.0387,1.0387,1.0387,-0.0446978755,2009-12-18
1.1076,1.1076,1.1076,0.0663329161,2009-12-25
1.103,1.103,1.103,-0.0041531239,2009-12-31
1.1311,1.1311,1.1311,0.0254759746,2010-01-08
1.1704,1.1704,1.1704,0.0347449386,2010-01-15
1.1396,1.1396,1.1396,-0.0263157895,2010-01-22
1.1193,1.1193,1.1193,-0.0178132678,2010-01-29
1.0994,1.0994,1.0994,-0.017778969,2010-02-05
1.1233,1.1233,1.1233,0.0217391304,2010-02-12
1.165,1.165,1.165,0.0371227633,2010-02-26
1.1661,1.1661,1.1661,0.000944206,2010-03-05
1.1506,1.1506,1.1506,-0.0132921705,2010-03-12
1.1145,1.1145,1.1145,-0.0313749348,2010-03-19
1.1147,1.1147,1.1147,0.0001794527,2010-03-26
1.1178,1.1178,1.1178,0.0027810173,2010-04-02
1.1333,1.1333,1.1333,0.0138665235,2010-04-09
1.1668,1.1668,1.1668,0.0295596929,2010-04-16
1.2084,1.2084,1.2084,0.0356530682,2010-04-23
1.2072,1.2072,1.2072,-0.0009930487,2010-04-30
1.2075,1.2075,1.2075,0.0002485089,2010-05-07
1.1992,1.1992,1.1992,-0.006873706,2010-05-14
1.1994,1.1994,1.1994,0.0001667779,2010-05-21
1.1997,1.1997,1.1997,0.0002501251,2010-05-28
1.2,1.2,1.2,0.0002500625,2010-06-04
1.1986,1.1986,1.1986,-0.0011666667,2010-06-11
1.1988,1.1988,1.1988,0.0001668613,2010-06-18
1.1992,1.1992,1.1992,0.000333667,2010-06-25
1.1994,1.1994,1.1994,0.0001667779,2010-07-02
1.2005,1.2005,1.2005,0.0009171252,2010-07-09
1.1965,1.1965,1.1965,-0.003331945,2010-07-16
1.2062,1.2062,1.2062,0.0081069787,2010-07-23
1.2068,1.2068,1.2068,0.0004974299,2010-07-30
1.2127,1.2127,1.2127,0.0048889625,2010-08-06
1.1955,1.1955,1.1955,-0.0141832275,2010-08-13
1.1952,1.1952,1.1952,-0.000250941,2010-08-20
1.2041,1.2041,1.2041,0.0074464525,2010-08-27
1.2714,1.2714,1.2714,0.0558923677,2010-09-03
1.2841,1.2841,1.2841,0.0099889885,2010-09-10
1.2279,1.2279,1.2279,-0.0437660618,2010-09-17
1.2548,1.2548,1.2548,0.0219073214,2010-09-21
1.2607,1.2607,1.2607,0.0047019445,2010-09-30
1.2846,1.2846,1.2846,0.0189577219,2010-10-08
1.3221,1.3221,1.3221,0.0291919664,2010-10-15
1.3403,1.3403,1.3403,0.0137659784,2010-10-22
1.3785,1.3785,1.3785,0.0285010818,2010-10-29
1.415,1.415,1.415,0.0264780559,2010-11-05
1.4864,1.4864,1.4864,0.050459364,2010-11-12
1.4915,1.4915,1.4915,0.0034311087,2010-11-19
1.4886,1.4886,1.4886,-0.0019443513,2010-11-26
1.4843,1.4843,1.4843,-0.0028886202,2010-12-03
1.4741,1.4741,1.4741,-0.0068719262,2010-12-10
1.4764,1.4764,1.4764,0.0015602741,2010-12-17
1.4541,1.4541,1.4541,-0.0151043078,2010-12-24
1.4469,1.4469,1.4469,-0.0049515164,2010-12-31
1.433,1.433,1.433,-0.0096067455,2011-01-04
1.4626,1.4626,1.4626,0.0206559665,2011-01-07
1.406,1.406,1.406,-0.0386982087,2011-01-21
1.4184,1.4184,1.4184,0.0088193457,2011-01-28
1.4187,1.4187,1.4187,0.0002115059,2011-02-01
1.432,1.432,1.432,0.0093747797,2011-02-11
1.451,1.451,1.451,0.0132681564,2011-02-18
1.4398,1.4398,1.4398,-0.0077188146,2011-02-25
1.4393,1.4393,1.4393,-0.0003472705,2011-03-04
1.4155,1.4155,1.4155,-0.016535816,2011-03-11
1.4102,1.4102,1.4102,-0.00374426,2011-03-18
1.4389,1.4389,1.4389,0.0203517232,2011-03-25
1.4266,1.4266,1.4266,-0.0085481965,2011-04-01
1.4567,1.4567,1.4567,0.0210991168,2011-04-08
1.4484,1.4484,1.4484,-0.0056978101,2011-04-15
1.4552,1.4552,1.4552,0.0046948357,2011-04-22
1.4253,1.4253,1.4253,-0.0205470038,2011-04-29
1.4348,1.4348,1.4348,0.0066652635,2011-05-06
1.4389,1.4389,1.4389,0.0028575411,2011-05-13
1.4247,1.4247,1.4247,-0.0098686497,2011-05-20
1.3811,1.3811,1.3811,-0.030602934,2011-05-27
1.3801,1.3801,1.3801,-0.0007240605,2011-06-03
1.373,1.373,1.373,-0.0051445547,2011-06-10
1.3518,1.3518,1.3518,-0.0154406409,2011-06-17
1.3586,1.3586,1.3586,0.0050303299,2011-06-24
1.3714,1.3714,1.3714,0.0094214633,2011-07-01
1.3728,1.3728,1.3728,0.0010208546,2011-07-08
1.3714,1.3714,1.3714,-0.0010198135,2011-07-15
1.3719,1.3719,1.3719,0.0003645909,2011-07-22
1.3719,1.3719,1.3719,0.0,2011-07-29
1.37,1.37,1.37,-0.0013849406,2011-08-05
1.3731,1.3731,1.3731,0.0022627737,2011-08-12
1.3605,1.3605,1.3605,-0.0091763164,2011-08-19
1.3684,1.3684,1.3684,0.0058066887,2011-08-26
1.3571,1.3571,1.3571,-0.0082578194,2011-09-02
1.347,1.347,1.347,-0.0074423403,2011-09-09
1.3424,1.3424,1.3424,-0.0034149963,2011-09-16
1.3393,1.3393,1.3393,-0.0023092968,2011-09-23
1.3331,1.3331,1.3331,-0.004629284,2011-09-30
1.3394,1.3394,1.3394,0.004725827,2011-10-14
1.3146,1.3146,1.3146,-0.0185157533,2011-10-21
1.3356,1.3356,1.3356,0.0159744409,2011-10-28
1.3524,1.3524,1.3524,0.0125786164,2011-11-04
1.3338,1.3338,1.3338,-0.0137533274,2011-11-11
1.3356,1.3356,1.3356,0.0013495277,2011-11-18
1.338,1.338,1.338,0.0017969452,2011-11-25
1.3329,1.3329,1.3329,-0.0038116592,2011-12-02
1.3387,1.3387,1.3387,0.0043514142,2011-12-09
1.321,1.321,1.321,-0.0132217823,2011-12-16
1.3104,1.3104,1.3104,-0.0080242241,2011-12-23
1.2928,1.2928,1.2928,-0.0134310134,2011-12-30
1.2676,1.2676,1.2676,-0.0194925743,2012-01-06
1.2802,1.2802,1.2802,0.0099400442,2012-01-13
1.2807,1.2807,1.2807,0.000390564,2012-01-20
1.2825,1.2825,1.2825,0.0014054814,2012-02-03
1.2858,1.2858,1.2858,0.0025730994,2012-02-10
1.286,1.286,1.286,0.0001555452,2012-02-17
1.2904,1.2904,1.2904,0.0034214619,2012-02-24
1.2945,1.2945,1.2945,0.0031773094,2012-03-02
1.2912,1.2912,1.2912,-0.0025492468,2012-03-09
1.2582,1.2582,1.2582,-0.0255576208,2012-03-16
1.2386,1.2386,1.2386,-0.0155778096,2012-03-23
1.2166,1.2166,1.2166,-0.0177619893,2012-03-30
1.2513,1.2513,1.2513,0.0285221108,2012-04-06
1.2794,1.2794,1.2794,0.0224566451,2012-04-13
1.3028,1.3028,1.3028,0.0182898234,2012-04-20
1.2934,1.2934,1.2934,-0.0072152287,2012-04-27
1.331,1.331,1.331,0.0290706665,2012-05-04
1.2947,1.2947,1.2947,-0.0272727273,2012-05-11
1.2828,1.2828,1.2828,-0.0091913185,2012-05-18
1.2842,1.2842,1.2842,0.0010913626,2012-05-25
1.2857,1.2857,1.2857,0.0011680424,2012-06-01
1.2826,1.2826,1.2826,-0.0024111379,2012-06-08
1.2813,1.2813,1.2813,-0.0010135662,2012-06-15
1.2835,1.2835,1.2835,0.0017170062,2012-06-21
1.2825,1.2825,1.2825,-0.0007791196,2012-06-29
1.2835,1.2835,1.2835,0.0007797271,2012-07-06
1.2845,1.2845,1.2845,0.0007791196,2012-07-13
1.2781,1.2781,1.2781,-0.0049824835,2012-07-20
1.2772,1.2772,1.2772,-0.0007041703,2012-07-27
1.2695,1.2695,1.2695,-0.006028813,2012-08-03
1.2794,1.2794,1.2794,0.0077983458,2012-08-10
1.2669,1.2669,1.2669,-0.0097702048,2012-08-17
1.266,1.266,1.266,-0.0007103955,2012-08-24
1.2457,1.2457,1.2457,-0.0160347551,2012-08-31
1.2676,1.2676,1.2676,0.0175804768,2012-09-07
1.277,1.277,1.277,0.0074155885,2012-09-14
1.2593,1.2593,1.2593,-0.0138606108,2012-09-21
1.2807,1.2807,1.2807,0.0169935679,2012-09-28
1.2606,1.2606,1.2606,-0.015694542,2012-10-12
1.231,1.231,1.231,-0.0234808821,2012-10-19
1.2074,1.2074,1.2074,-0.0191714054,2012-10-26
1.212,1.212,1.212,0.0038098393,2012-11-02
1.2011,1.2011,1.2011,-0.0089933993,2012-11-09
1.1925,1.1925,1.1925,-0.0071601032,2012-11-16
1.1961,1.1961,1.1961,0.0030188679,2012-11-23
1.1858,1.1858,1.1858,-0.0086113201,2012-11-30
1.1716,1.1716,1.1716,-0.0119750379,2012-12-07
1.1773,1.1773,1.1773,0.0048651417,2012-12-14
1.1839,1.1839,1.1839,0.0056060477,2012-12-21
1.207,1.207,1.207,0.0195117831,2012-12-28
1.2229,1.2229,1.2229,0.0131731566,2012-12-31
1.2265,1.2265,1.2265,0.0029438221,2013-01-04
1.2005,1.2005,1.2005,-0.0211985324,2013-01-11
1.2479,1.2479,1.2479,0.0394835485,2013-01-18
1.2252,1.2252,1.2252,-0.0181905601,2013-01-25
1.3174,1.3174,1.3174,0.0752530199,2013-02-01
1.3175,1.3175,1.3175,7.59071e-05,2013-02-08
1.2359,1.2359,1.2359,-0.0619354839,2013-02-22
1.252,1.252,1.252,0.0130269439,2013-03-01
1.2447,1.2447,1.2447,-0.0058306709,2013-03-11
1.2384,1.2384,1.2384,-0.0050614606,2013-04-26
1.2477,1.2477,1.2477,0.0075096899,2013-05-03
1.2656,1.2656,1.2656,0.0143463974,2013-05-10
1.3,1.3,1.3,0.0271807838,2013-05-17
1.2737,1.2737,1.2737,-0.0202307692,2013-05-24
1.3,1.3,1.3,0.0206485044,2013-05-31
1.2604,1.2604,1.2604,-0.0304615385,2013-06-07
1.2672,1.2672,1.2672,0.0053951127,2013-06-14
1.258,1.258,1.258,-0.007260101,2013-06-21
1.2282,1.2282,1.2282,-0.0236883943,2013-06-28
1.2295,1.2295,1.2295,0.0010584595,2013-07-05
1.23,1.23,1.23,0.0004066694,2013-07-12
1.2293,1.2293,1.2293,-0.0005691057,2013-07-19
1.2298,1.2298,1.2298,0.0004067355,2013-07-26
1.2333,1.2333,1.2333,0.0028459912,2013-08-02
1.2365,1.2365,1.2365,0.0025946647,2013-08-09
1.233,1.233,1.233,-0.0028305702,2013-08-16
1.2288,1.2288,1.2288,-0.003406326,2013-08-23
1.226,1.226,1.226,-0.0022786458,2013-08-30
1.2277,1.2277,1.2277,0.0013866232,2013-09-06
1.2473,1.2473,1.2473,0.0159648123,2013-09-13
1.2459,1.2459,1.2459,-0.0011224244,2013-09-18
1.2457,1.2457,1.2457,-0.0001605265,2013-09-23
1.244,1.244,1.244,-0.0013646945,2013-09-30
1.2519,1.2519,1.2519,0.0063504823,2013-10-11
1.2456,1.2456,1.2456,-0.0050323508,2013-10-18
1.2306,1.2306,1.2306,-0.0120423892,2013-10-25
1.2429,1.2429,1.2429,0.0099951243,2013-11-01
1.2356,1.2356,1.2356,-0.0058733607,2013-11-08
1.241,1.241,1.241,0.0043703464,2013-11-15
1.2433,1.2433,1.2433,0.0018533441,2013-11-22
1.2624,1.2624,1.2624,0.0153623422,2013-11-29
1.2635,1.2635,1.2635,0.0008713561,2013-12-06
1.31,1.31,1.31,0.0368025326,2013-12-13
1.276,1.276,1.276,-0.0259541985,2013-12-20
1.3499,1.3499,1.3499,0.0579153605,2013-12-27
1.3458,1.3458,1.3458,-0.003037262,2013-12-31
1.3873,1.3873,1.3873,0.0308366771,2014-01-03
1.3691,1.3691,1.3691,-0.0131190081,2014-01-10
1.3954,1.3954,1.3954,0.0192096998,2014-01-17
1.4414,1.4414,1.4414,0.0329654579,2014-01-24
1.4381,1.4381,1.4381,-0.0022894408,2014-01-30
1.4646,1.4646,1.4646,0.0184270913,2014-02-07
1.4985,1.4985,1.4985,0.0231462515,2014-02-10
1.5122,1.5122,1.5122,0.0091424758,2014-02-14
1.5062,1.5062,1.5062,-0.0039677291,2014-02-21
1.4776,1.4776,1.4776,-0.0189881822,2014-02-28
1.4775,1.4775,1.4775,-6.76773e-05,2014-03-07
1.4778,1.4778,1.4778,0.0002030457,2014-03-14
1.4773,1.4773,1.4773,-0.0003383408,2014-03-21
1.4733,1.4733,1.4733,-0.0027076423,2014-03-28
1.4742,1.4742,1.4742,0.0006108735,2014-04-04
1.4747,1.4747,1.4747,0.000339167,2014-04-11
1.4722,1.4722,1.4722,-0.0016952601,2014-04-18
1.4592,1.4592,1.4592,-0.008830322,2014-04-25
1.4647,1.4647,1.4647,0.0037691886,2014-04-30
1.4519,1.4519,1.4519,-0.0087389909,2014-05-09
1.441,1.441,1.441,-0.0075074041,2014-05-16
1.4455,1.4455,1.4455,0.0031228314,2014-05-23
1.4636,1.4636,1.4636,0.0125216188,2014-05-30
1.4684,1.4684,1.4684,0.0032795846,2014-06-06
1.491,1.491,1.491,0.0153909017,2014-06-09
1.491,1.491,1.491,0.0,2014-06-13
1.4675,1.4675,1.4675,-0.0157612341,2014-06-20
1.5033,1.5033,1.5033,0.02439523,2014-06-27
1.53,1.53,1.53,0.017760926,2014-07-04
1.492,1.492,1.492,-0.0248366013,2014-07-11
1.4981,1.4981,1.4981,0.0040884718,2014-07-18
1.5135,1.5135,1.5135,0.0102796876,2014-07-25
1.5621,1.5621,1.5621,0.032111001,2014-08-01
1.6131,1.6131,1.6131,0.032648358,2014-08-08
1.6102,1.6102,1.6102,-0.0017977807,2014-08-15
1.6317,1.6317,1.6317,0.0133523786,2014-08-22
1.6254,1.6254,1.6254,-0.0038610039,2014-08-29
1.701,1.701,1.701,0.0465116279,2014-09-05
1.7009,1.7009,1.7009,-5.87889e-05,2014-09-12
1.6467,1.6467,1.6467,-0.031865483,2014-09-19
1.6532,1.6532,1.6532,0.0039472885,2014-09-26
1.6735,1.6735,1.6735,0.0122792161,2014-09-30
1.6633,1.6633,1.6633,-0.0060950105,2014-10-10
1.6376,1.6376,1.6376,-0.0154512114,2014-10-17
1.6144,1.6144,1.6144,-0.0141670738,2014-10-24
1.6328,1.6328,1.6328,0.0113974232,2014-10-31
1.6424,1.6424,1.6424,0.0058794708,2014-11-07
1.6424,1.6424,1.6424,0.0,2014-11-12
1.64,1.64,1.64,-0.0014612762,2014-11-14
1.6694,1.6694,1.6694,0.0179268293,2014-11-21
1.8337,1.8337,1.8337,0.0984185935,2014-11-28
2.1587,2.1587,2.1587,0.1772372798,2014-12-05
2.2169,2.2169,2.2169,0.0269606708,2014-12-12
2.1156,2.1156,2.1156,-0.0456944382,2014-12-19
2.1008,2.1008,2.1008,-0.0069956514,2014-12-26
2.0963,2.0963,2.0963,-0.0021420411,2014-12-31
2.1111,2.1111,2.1111,0.0070600582,2015-01-09
2.1387,2.1387,2.1387,0.013073753,2015-01-16
2.184,2.184,2.184,0.0211810913,2015-01-23
2.2312,2.2312,2.2312,0.0216117216,2015-01-30
2.2167,2.2167,2.2167,-0.0064987451,2015-02-06
2.2685,2.2685,2.2685,0.0233680697,2015-02-13
2.2465,2.2465,2.2465,-0.0096980384,2015-02-25
2.2743,2.2743,2.2743,0.0123748053,2015-02-27
2.3118,2.3118,2.3118,0.0164885899,2015-03-06
2.401,2.401,2.401,0.0385846527,2015-03-13
2.4421,2.4421,2.4421,0.0171178676,2015-03-20
2.4952,2.4952,2.4952,0.0217435813,2015-03-27
2.5891,2.5891,2.5891,0.0376322539,2015-04-03
2.5955,2.5955,2.5955,0.0024719014,2015-04-10
2.5611,2.5611,2.5611,-0.0132537083,2015-04-17
2.6217,2.6217,2.6217,0.0236617079,2015-04-24
2.6191,2.6191,2.6191,-0.0009917229,2015-04-30
2.5867,2.5867,2.5867,-0.0123706617,2015-05-08
2.6739,2.6739,2.6739,0.0337109058,2015-05-15
2.8863,2.8863,2.8863,0.0794345338,2015-05-22
2.9443,2.9443,2.9443,0.0200949312,2015-05-29
3.0363,3.0363,3.0363,0.0312468159,2015-06-05
3.0376,3.0376,3.0376,0.0004281527,2015-06-12
2.9258,2.9258,2.9258,-0.0368053727,2015-06-19
2.8072,2.8072,2.8072,-0.0405359218,2015-06-26
2.7716,2.7716,2.7716,-0.0126816757,2015-06-30
2.7093,2.7093,2.7093,-0.0224779911,2015-07-03
2.7093,2.7093,2.7093,0.0,2015-07-10
2.7089,2.7089,2.7089,-0.0001476396,2015-07-17
2.7089,2.7089,2.7089,0.0,2015-07-24
2.7003,2.7003,2.7003,-0.0031747204,2015-07-30
2.7003,2.7003,2.7003,0.0,2015-07-31
2.7193,2.7193,2.7193,0.0070362552,2015-08-07
2.7524,2.7524,2.7524,0.0121722502,2015-08-14
2.7519,2.7519,2.7519,-0.0001816596,2015-08-21
2.7514,2.7514,2.7514,-0.0001816926,2015-08-28
2.7513,2.7513,2.7513,-3.63451e-05,2015-09-02
2.751,2.751,2.751,-0.0001090394,2015-09-11
2.7512,2.7512,2.7512,7.27008e-05,2015-09-18
2.7601,2.7601,2.7601,0.003234952,2015-09-25
2.7592,2.7592,2.7592,-0.0003260751,2015-09-30
2.7594,2.7594,2.7594,7.24848e-05,2015-10-09
2.7612,2.7612,2.7612,0.0006523157,2015-10-16
2.7647,2.7647,2.7647,0.0012675648,2015-10-23
2.7611,2.7611,2.7611,-0.0013021304,2015-10-30
2.7735,2.7735,2.7735,0.0044909637,2015-11-06
2.7986,2.7986,2.7986,0.0090499369,2015-11-13
2.8953,2.8953,2.8953,0.0345529908,2015-11-20
2.8585,2.8585,2.8585,-0.0127102546,2015-11-27
2.9412,2.9412,2.9412,0.0289312577,2015-12-04
2.9602,2.9602,2.9602,0.0064599483,2015-12-11
2.9645,2.9645,2.9645,0.0014526046,2015-12-18
3.0935,3.0935,3.0935,0.0435149266,2015-12-25
3.0675,3.0675,3.0675,-0.0084047196,2015-12-31
2.9178,2.9178,2.9178,-0.048801956,2016-01-08
2.8781,2.8781,2.8781,-0.0136061416,2016-01-15
2.8783,2.8783,2.8783,6.94903e-05,2016-01-22
2.8785,2.8785,2.8785,6.94855e-05,2016-01-29
2.8802,2.8802,2.8802,0.0005905854,2016-02-05
2.8804,2.8804,2.8804,6.94396e-05,2016-02-19
2.8674,2.8674,2.8674,-0.004513262,2016-02-26
2.8099,2.8099,2.8099,-0.0200530097,2016-03-04
2.8096,2.8096,2.8096,-0.0001067654,2016-03-11
2.8095,2.8095,2.8095,-3.55923e-05,2016-03-18
2.8137,2.8137,2.8137,0.0014949279,2016-03-25
2.8058,2.8058,2.8058,-0.0028076909,2016-04-01
2.8306,2.8306,2.8306,0.0088388338,2016-04-08
2.8488,2.8488,2.8488,0.0064297322,2016-04-15
2.8157,2.8157,2.8157,-0.0116189273,2016-04-22
2.8048,2.8048,2.8048,-0.003871151,2016-04-29
2.8152,2.8152,2.8152,0.0037079293,2016-05-06
2.7585,2.7585,2.7585,-0.020140665,2016-05-13
2.7696,2.7696,2.7696,0.004023926,2016-05-20
2.743,2.743,2.743,-0.009604275,2016-05-27
2.78,2.78,2.78,0.0134888808,2016-06-03
2.7824,2.7824,2.7824,0.0008633094,2016-06-08
2.7605,2.7605,2.7605,-0.0078709028,2016-06-17
2.764,2.764,2.764,0.0012678863,2016-06-24
2.7873,2.7873,2.7873,0.0084298119,2016-07-01
2.79,2.79,2.79,0.0009686794,2016-07-08
2.7953,2.7953,2.7953,0.0018996416,2016-07-15
2.7923,2.7923,2.7923,-0.0010732301,2016-07-22
2.7809,2.7809,2.7809,-0.0040826559,2016-07-29
2.7799,2.7799,2.7799,-0.0003595958,2016-08-05
2.7852,2.7852,2.7852,0.0019065434,2016-08-12
2.7959,2.7959,2.7959,0.0038417349,2016-08-19
2.7914,2.7914,2.7914,-0.0016094996,2016-08-26
2.7957,2.7957,2.7957,0.0015404457,2016-09-02
2.8174,2.8174,2.8174,0.0077619201,2016-09-09
2.7588,2.7588,2.7588,-0.0207993185,2016-09-14
2.7705,2.7705,2.7705,0.0042409743,2016-09-19
2.7887,2.7887,2.7887,0.0065692113,2016-09-23
2.7531,2.7531,2.7531,-0.0127658049,2016-09-30
2.8125,2.8125,2.8125,0.0215756783,2016-10-14
2.8266,2.8266,2.8266,0.0050133333,2016-10-21
2.8584,2.8584,2.8584,0.0112502653,2016-10-28
2.8601,2.8601,2.8601,0.0005947383,2016-11-04
2.8608,2.8608,2.8608,0.0002447467,2016-11-11
2.8518,2.8518,2.8518,-0.0031459732,2016-11-18
2.8384,2.8384,2.8384,-0.0046987867,2016-11-25
2.7636,2.7636,2.7636,-0.0263528749,2016-12-02
2.7685,2.7685,2.7685,0.0017730496,2016-12-09
2.6693,2.6693,2.6693,-0.0358316778,2016-12-16
2.6522,2.6522,2.6522,-0.0064061739,2016-12-23
2.6536,2.6536,2.6536,0.0005278637,2016-12-30
2.6755,2.6755,2.6755,0.0082529394,2017-01-06
2.6485,2.6485,2.6485,-0.0100915717,2017-01-13
2.6594,2.6594,2.6594,0.0041155371,2017-01-20
2.6599,2.6599,2.6599,0.0001880123,2017-01-26
2.6555,2.6555,2.6555,-0.0016541975,2017-02-03
2.6666,2.6666,2.6666,0.0041800038,2017-02-10
2.6741,2.6741,2.6741,0.0028125703,2017-02-17
2.6899,2.6899,2.6899,0.00590853,2017-02-24
2.6765,2.6765,2.6765,-0.0049815978,2017-03-03
2.6769,2.6769,2.6769,0.0001494489,2017-03-10
2.6829,2.6829,2.6829,0.0022413986,2017-03-17
2.7043,2.7043,2.7043,0.0079764434,2017-03-24
2.6848,2.6848,2.6848,-0.0072107385,2017-03-31
2.705,2.705,2.705,0.0075238379,2017-04-07
2.6438,2.6438,2.6438,-0.0226247689,2017-04-14
2.645,2.645,2.645,0.0004538921,2017-04-21
2.6173,2.6173,2.6173,-0.0104725898,2017-04-28
2.6069,2.6069,2.6069,-0.0039735605,2017-05-05
2.5837,2.5837,2.5837,-0.0088994591,2017-05-12
2.6157,2.6157,2.6157,0.0123853389,2017-05-19
2.5938,2.5938,2.5938,-0.0083725198,2017-05-26
2.6169,2.6169,2.6169,0.0089058524,2017-06-02
2.6867,2.6867,2.6867,0.0266727808,2017-06-09
2.6484,2.6484,2.6484,-0.0142554063,2017-06-16
2.6495,2.6495,2.6495,0.0004153451,2017-06-23
2.6854,2.6854,2.6854,0.0135497264,2017-06-30
2.6842,2.6842,2.6842,-0.0004468608,2017-07-07
2.6469,2.6469,2.6469,-0.0138961329,2017-07-14
2.6086,2.6086,2.6086,-0.0144697571,2017-07-21
2.5892,2.5892,2.5892,-0.0074369394,2017-07-28
2.559,2.559,2.559,-0.0116638344,2017-08-04
2.5918,2.5918,2.5918,0.0128175068,2017-08-11
2.6222,2.6222,2.6222,0.0117293001,2017-08-18
2.6288,2.6288,2.6288,0.0025169705,2017-08-25
2.6942,2.6942,2.6942,0.0248782715,2017-09-01
2.7133,2.7133,2.7133,0.0070893029,2017-09-08
2.7111,2.7111,2.7111,-0.0008108208,2017-09-15
2.7363,2.7363,2.7363,0.0092951201,2017-09-22
2.7989,2.7989,2.7989,0.0228776084,2017-09-29
2.916,2.916,2.916,0.0418378649,2017-10-13
2.8998,2.8998,2.8998,-0.0055555556,2017-10-20
3.0122,3.0122,3.0122,0.0387612939,2017-10-27
2.9056,2.9056,2.9056,-0.0353894164,2017-11-03
3.1027,3.1027,3.1027,0.0678345264,2017-11-10
3.0133,3.0133,3.0133,-0.0288136139,2017-11-17
2.8902,2.8902,2.8902,-0.0408522218,2017-11-24
2.8156,2.8156,2.8156,-0.0258113625,2017-12-01
2.8712,2.8712,2.8712,0.0197471232,2017-12-08
2.9561,2.9561,2.9561,0.029569518,2017-12-15
3.0748,3.0748,3.0748,0.0401542573,2017-12-22
3.0249,3.0249,3.0249,-0.0162286978,2017-12-29
3.0374,3.0374,3.0374,0.004132368,2018-01-05
3.0529,3.0529,3.0529,0.0051030487,2018-01-12
2.9733,2.9733,2.9733,-0.0260735694,2018-01-19
3.0078,3.0078,3.0078,0.0116032691,2018-01-26
2.7927,2.7927,2.7927,-0.0715140634,2018-02-02
2.7636,2.7636,2.7636,-0.0104200236,2018-02-09
2.791,2.791,2.791,0.0099146041,2018-02-14
2.8074,2.8074,2.8074,0.0058760301,2018-02-23
2.8013,2.8013,2.8013,-0.002172829,2018-03-02
2.8888,2.8888,2.8888,0.0312354978,2018-03-09
2.8326,2.8326,2.8326,-0.0194544448,2018-03-16
2.7422,2.7422,2.7422,-0.0319141425,2018-03-23
2.8412,2.8412,2.8412,0.0361023995,2018-03-30
2.8351,2.8351,2.8351,-0.0021469801,2018-04-04
2.8313,2.8313,2.8313,-0.0013403407,2018-04-13
2.7605,2.7605,2.7605,-0.0250061809,2018-04-20
2.7446,2.7446,2.7446,-0.0057598261,2018-04-27
2.7433,2.7433,2.7433,-0.0004736574,2018-05-04
2.7462,2.7462,2.7462,0.001057121,2018-05-11
2.7155,2.7155,2.7155,-0.0111790838,2018-05-18
2.712,2.712,2.712,-0.0012888971,2018-05-25
2.7078,2.7078,2.7078,-0.0015486726,2018-06-01
2.7054,2.7054,2.7054,-0.0008863284,2018-06-08
2.639,2.639,2.639,-0.0245435056,2018-06-15
2.6235,2.6235,2.6235,-0.0058734369,2018-06-22
2.615,2.615,2.615,-0.0032399466,2018-06-29
2.4282,2.4282,2.4282,-0.0714340344,2018-07-06
2.5614,2.5614,2.5614,0.0548554485,2018-07-13
2.5375,2.5375,2.5375,-0.0093308347,2018-07-20
2.511,2.511,2.511,-0.0104433498,2018-07-27
2.443,2.443,2.443,-0.0270808443,2018-08-03
2.4518,2.4518,2.4518,0.0036021285,2018-08-10
2.4294,2.4294,2.4294,-0.0091361449,2018-08-17
2.4451,2.4451,2.4451,0.006462501,2018-08-24
2.443,2.443,2.443,-0.0008588606,2018-08-31
2.4486,2.4486,2.4486,0.0022922636,2018-09-07
2.414,2.414,2.414,-0.0141305236,2018-09-14
2.3809,2.3809,2.3809,-0.0137116819,2018-09-21
2.3713,2.3713,2.3713,-0.0040320887,2018-09-28
2.3732,2.3732,2.3732,0.0008012483,2018-10-12
2.3734,2.3734,2.3734,8.42744e-05,2018-10-19
2.3737,2.3737,2.3737,0.0001264009,2018-10-26
2.3783,2.3783,2.3783,0.0019379029,2018-11-02
2.3646,2.3646,2.3646,-0.0057604171,2018-11-09
2.3978,2.3978,2.3978,0.0140404297,2018-11-16
2.334,2.334,2.334,-0.0266077237,2018-11-23
2.3569,2.3569,2.3569,0.0098114824,2018-11-30
2.3053,2.3053,2.3053,-0.0218931648,2018-12-07
2.2736,2.2736,2.2736,-0.0137509218,2018-12-14
2.2321,2.2321,2.2321,-0.0182529909,2018-12-21
2.2269,2.2269,2.2269,-0.0023296447,2018-12-28
2.2128,2.2128,2.2128,-0.0063316718,2019-01-04
2.2131,2.2131,2.2131,0.0001355748,2019-01-11
2.225,2.225,2.225,0.0053770729,2019-01-18
2.2311,2.2311,2.2311,0.002741573,2019-01-25
2.2044,2.2044,2.2044,-0.0119671911,2019-02-01
2.2189,2.2189,2.2189,0.0065777536,2019-02-15
2.2648,2.2648,2.2648,0.0206859255,2019-02-22
2.308,2.308,2.308,0.019074532,2019-03-01
2.408,2.408,2.408,0.0433275563,2019-03-08
2.4941,2.4941,2.4941,0.035755814,2019-03-15
2.5844,2.5844,2.5844,0.0362054448,2019-03-22
2.5749,2.5749,2.5749,-0.0036759016,2019-03-29
2.7227,2.7227,2.7227,0.0574002874,2019-04-04
2.6206,2.6206,2.6206,-0.0374995409,2019-04-12
2.6424,2.6424,2.6424,0.0083187056,2019-04-19
2.6128,2.6128,2.6128,-0.0112019376,2019-04-26
2.6137,2.6137,2.6137,0.0003444581,2019-04-30
2.6234,2.6234,2.6234,0.003711214,2019-05-10
2.6128,2.6128,2.6128,-0.0040405581,2019-05-17
2.6128,2.6128,2.6128,0.0,2019-05-24
2.6128,2.6128,2.6128,0.0,2019-05-31
2.6128,2.6128,2.6128,0.0,2019-06-06
2.6128,2.6128,2.6128,0.0,2019-06-14
2.6128,2.6128,2.6128,0.0,2019-06-21
2.6129,2.6129,2.6129,3.82731e-05,2019-06-27
2.6129,2.6129,2.6129,0.0,2019-06-28
2.613,2.613,2.613,3.82717e-05,2019-07-01
2.613,2.613,2.613,0.0,2019-07-02
2.613,2.613,2.613,0.0,2019-07-03
2.6131,2.6131,2.6131,3.82702e-05,2019-07-04
2.6131,2.6131,2.6131,0.0,2019-07-05
2.6131,2.6131,2.6131,0.0,2019-07-08
2.6132,2.6132,2.6132,3.82687e-05,2019-07-09
2.6132,2.6132,2.6132,0.0,2019-07-10
2.6132,2.6132,2.6132,0.0,2019-07-11
2.6132,2.6132,2.6132,0.0,2019-07-12
2.6133,2.6133,2.6133,3.82673e-05,2019-07-15
2.6133,2.6133,2.6133,0.0,2019-07-16
2.6133,2.6133,2.6133,0.0,2019-07-17
2.6133,2.6133,2.6133,0.0,2019-07-18
2.6144,2.6144,2.6144,0.0004209237,2019-07-19
2.6141,2.6141,2.6141,-0.0001147491,2019-07-22
2.6171,2.6171,2.6171,0.0011476225,2019-07-23
2.6164,2.6164,2.6164,-0.0002674716,2019-07-24
2.6182,2.6182,2.6182,0.0006879682,2019-07-25
2.6175,2.6175,2.6175,-0.0002673593,2019-07-26
2.6173,2.6173,2.6173,-7.64088e-05,2019-07-29
2.6157,2.6157,2.6157,-0.000611317,2019-07-30
2.6145,2.6145,2.6145,-0.0004587682,2019-07-31
2.6139,2.6139,2.6139,-0.0002294894,2019-08-01
2.6045,2.6045,2.6045,-0.003596159,2019-08-02
2.599,2.599,2.599,-0.0021117297,2019-08-05
2.6212,2.6212,2.6212,0.0085417468,2019-08-06
2.6217,2.6217,2.6217,0.0001907523,2019-08-07
2.64,2.64,2.64,0.0069802037,2019-08-08
2.64,2.64,2.64,0.0,2019-08-09
2.6341,2.6341,2.6341,-0.0022348485,2019-08-12
2.607,2.607,2.607,-0.010288144,2019-08-13
2.6221,2.6221,2.6221,0.0057920982,2019-08-14
2.6198,2.6198,2.6198,-0.0008771595,2019-08-15
2.6186,2.6186,2.6186,-0.0004580502,2019-08-16
2.6406,2.6406,2.6406,0.0084014359,2019-08-19
2.6422,2.6422,2.6422,0.0006059229,2019-08-20
2.6536,2.6536,2.6536,0.0043145863,2019-08-21
2.6392,2.6392,2.6392,-0.0054265903,2019-08-22
2.6499,2.6499,2.6499,0.0040542589,2019-08-23
2.627,2.627,2.627,-0.0086418355,2019-08-26
2.6339,2.6339,2.6339,0.0026265702,2019-08-27
2.6316,2.6316,2.6316,-0.0008732298,2019-08-28
2.6243,2.6243,2.6243,-0.0027739778,2019-08-29
2.6331,2.6331,2.6331,0.0033532752,2019-08-30
2.6871,2.6871,2.6871,0.0205081463,2019-09-02
2.6588,2.6588,2.6588,-0.0105318001,2019-09-03
2.6971,2.6971,2.6971,0.0144049947,2019-09-04
2.7165,2.7165,2.7165,0.0071929109,2019-09-05
2.7165,2.7165,2.7165,0.0,2019-09-06
2.7593,2.7593,2.7593,0.0157555678,2019-09-09
2.7457,2.7457,2.7457,-0.0049287863,2019-09-10
2.7221,2.7221,2.7221,-0.008595258,2019-09-11
2.7627,2.7627,2.7627,0.0149149554,2019-09-12
2.7546,2.7546,2.7546,-0.0029319144,2019-09-16
2.7086,2.7086,2.7086,-0.0166993393,2019-09-17
2.7307,2.7307,2.7307,0.0081591966,2019-09-18
2.7615,2.7615,2.7615,0.0112791592,2019-09-19
2.751,2.751,2.751,-0.0038022814,2019-09-20
2.7376,2.7376,2.7376,-0.004870956,2019-09-23
2.7821,2.7821,2.7821,0.016255114,2019-09-24
2.717,2.717,2.717,-0.0233995902,2019-09-25
2.6667,2.6667,2.6667,-0.0185130659,2019-09-26
2.6875,2.6875,2.6875,0.0077999025,2019-09-27
2.6637,2.6637,2.6637,-0.008855814,2019-09-30
2.6607,2.6607,2.6607,-0.001126253,2019-10-08
2.677,2.677,2.677,0.0061262074,2019-10-09
2.7444,2.7444,2.7444,0.0251774374,2019-10-10
2.7605,2.7605,2.7605,0.0058664918,2019-10-11
2.77,2.77,2.77,0.0034414055,2019-10-14
2.7576,2.7576,2.7576,-0.0044765343,2019-10-15
2.739,2.739,2.739,-0.0067449956,2019-10-16
2.741,2.741,2.741,0.0007301935,2019-10-17
2.7232,2.7232,2.7232,-0.0064939803,2019-10-18
2.7,2.7,2.7,-0.008519389,2019-10-21
2.713,2.713,2.713,0.0048148148,2019-10-22
2.693,2.693,2.693,-0.007371913,2019-10-23
2.6914,2.6914,2.6914,-0.0005941329,2019-10-24
2.719,2.719,2.719,0.0102548859,2019-10-25
2.7398,2.7398,2.7398,0.0076498713,2019-10-28
2.7324,2.7324,2.7324,-0.0027009271,2019-10-29
2.7247,2.7247,2.7247,-0.0028180354,2019-10-30
2.7386,2.7386,2.7386,0.0051014791,2019-10-31
2.7434,2.7434,2.7434,0.0017527204,2019-11-01
2.8079,2.8079,2.8079,0.0235109718,2019-11-04
2.8134,2.8134,2.8134,0.0019587592,2019-11-05
2.82,2.82,2.82,0.002345916,2019-11-06
2.8418,2.8418,2.8418,0.0077304965,2019-11-07
2.8241,2.8241,2.8241,-0.0062284468,2019-11-08
2.7758,2.7758,2.7758,-0.0171027938,2019-11-11
2.7786,2.7786,2.7786,0.0010087182,2019-11-12
2.7459,2.7459,2.7459,-0.0117685165,2019-11-13
2.7657,2.7657,2.7657,0.0072107506,2019-11-14
2.7418,2.7418,2.7418,-0.0086415736,2019-11-15
2.768,2.768,2.768,0.0095557663,2019-11-18
2.828,2.828,2.828,0.0216763006,2019-11-19
2.8044,2.8044,2.8044,-0.0083451202,2019-11-20
2.7794,2.7794,2.7794,-0.0089145628,2019-11-21
2.754,2.754,2.754,-0.009138663,2019-11-22
2.726,2.726,2.726,-0.0101670298,2019-11-25
2.7544,2.7544,2.7544,0.0104181952,2019-11-26
2.741,2.741,2.741,-0.0048649434,2019-11-27
2.7574,2.7574,2.7574,0.0059832178,2019-11-28
2.7313,2.7313,2.7313,-0.0094654385,2019-11-29
2.7404,2.7404,2.7404,0.0033317468,2019-12-02
2.7724,2.7724,2.7724,0.0116771274,2019-12-03
2.7556,2.7556,2.7556,-0.0060597316,2019-12-04
2.794,2.794,2.794,0.0139352591,2019-12-05
2.8386,2.8386,2.8386,0.0159627774,2019-12-06
2.816,2.816,2.816,-0.0079616712,2019-12-09
2.8374,2.8374,2.8374,0.0075994318,2019-12-10
2.8238,2.8238,2.8238,-0.0047931205,2019-12-11
2.8456,2.8456,2.8456,0.0077200935,2019-12-12
2.8822,2.8822,2.8822,0.0128619623,2019-12-13
2.9166,2.9166,2.9166,0.0119353272,2019-12-16
2.9467,2.9467,2.9467,0.0103202359,2019-12-17
2.932,2.932,2.932,-0.0049886314,2019-12-18
2.9277,2.9277,2.9277,-0.0014665757,2019-12-19
2.9051,2.9051,2.9051,-0.0077193702,2019-12-20
2.9026,2.9026,2.9026,-0.0008605556,2019-12-23
2.9279,2.9279,2.9279,0.0087163233,2019-12-24
2.9374,2.9374,2.9374,0.0032446463,2019-12-25
2.9598,2.9598,2.9598,0.0076257915,2019-12-26
2.9653,2.9653,2.9653,0.0018582337,2019-12-27
2.9586,2.9586,2.9586,-0.0022594678,2019-12-30
2.9869,2.9869,2.9869,0.009565335,2019-12-31
3.029,3.029,3.029,0.014094881,2020-01-02
3.0244,3.0244,3.0244,-0.001518653,2020-01-03
3.0156,3.0156,3.0156,-0.002909668,2020-01-06
3.0394,3.0394,3.0394,0.0078922934,2020-01-07
3.0439,3.0439,3.0439,0.0014805554,2020-01-08
3.0946,3.0946,3.0946,0.0166562633,2020-01-09
3.0996,3.0996,3.0996,0.0016157177,2020-01-10
3.1277,3.1277,3.1277,0.0090656859,2020-01-13
3.085,3.085,3.085,-0.0136522045,2020-01-14
3.0897,3.0897,3.0897,0.0015235008,2020-01-15
3.119,3.119,3.119,0.0094831213,2020-01-16
3.121,3.121,3.121,0.0006412312,2020-01-17
3.1389,3.1389,3.1389,0.0057353412,2020-01-20
3.108,3.108,3.108,-0.0098442129,2020-01-21
3.13,3.13,3.13,0.0070785071,2020-01-22
3.0326,3.0326,3.0326,-0.0311182109,2020-01-23
2.8317,2.8317,2.8317,-0.0662467849,2020-02-03
2.971,2.971,2.971,0.0491930642,2020-02-04
3.0278,3.0278,3.0278,0.019118142,2020-02-05
3.1067,3.1067,3.1067,0.0260585243,2020-02-06
3.0789,3.0789,3.0789,-0.0089484018,2020-02-07
3.0749,3.0749,3.0749,-0.0012991653,2020-02-10
3.097,3.097,3.097,0.0071872256,2020-02-11
3.1247,3.1247,3.1247,0.0089441395,2020-02-12
3.0706,3.0706,3.0706,-0.0173136621,2020-02-13
3.0863,3.0863,3.0863,0.0051130072,2020-02-14
3.1548,3.1548,3.1548,0.0221948612,2020-02-17
3.131,3.131,3.131,-0.0075440598,2020-02-18
3.1167,3.1167,3.1167,-0.0045672309,2020-02-19
3.155,3.155,3.155,0.0122886386,2020-02-20
3.1479,3.1479,3.1479,-0.0022503962,2020-02-21
3.1669,3.1669,3.1669,0.0060357699,2020-02-24
3.1978,3.1978,3.1978,0.0097571758,2020-02-25
3.1234,3.1234,3.1234,-0.0232659954,2020-02-26
3.177,3.177,3.177,0.0171607863,2020-02-27
3.0434,3.0434,3.0434,-0.0420522506,2020-02-28
3.093,3.093,3.093,0.0162975619,2020-03-02
3.1144,3.1144,3.1144,0.006918849,2020-03-03
3.12,3.12,3.12,0.0017980992,2020-03-04
3.1726,3.1726,3.1726,0.0168589744,2020-03-05
3.1327,3.1327,3.1327,-0.0125764357,2020-03-06
3.0366,3.0366,3.0366,-0.0306764133,2020-03-09
3.0924,3.0924,3.0924,0.0183758151,2020-03-10
3.0529,3.0529,3.0529,-0.0127732505,2020-03-11
2.955,2.955,2.955,-0.0320678699,2020-03-12
2.9501,2.9501,2.9501,-0.0016582064,2020-03-13
2.787,2.787,2.787,-0.0552862615,2020-03-16
2.82,2.82,2.82,0.0118406889,2020-03-17
2.7477,2.7477,2.7477,-0.0256382979,2020-03-18
2.7574,2.7574,2.7574,0.0035302253,2020-03-19
2.8409,2.8409,2.8409,0.0302821499,2020-03-20
2.7109,2.7109,2.7109,-0.0457601464,2020-03-23
2.817,2.817,2.817,0.0391382936,2020-03-24
2.905,2.905,2.905,0.0312389066,2020-03-25
2.8776,2.8776,2.8776,-0.0094320138,2020-03-26
2.8687,2.8687,2.8687,-0.0030928552,2020-03-27
2.7754,2.7754,2.7754,-0.0325234427,2020-03-30
2.7848,2.7848,2.7848,0.0033868992,2020-03-31
2.7729,2.7729,2.7729,-0.0042731974,2020-04-01
2.8398,2.8398,2.8398,0.0241263659,2020-04-02
2.837,2.837,2.837,-0.0009859849,2020-04-03
2.936,2.936,2.936,0.0348960169,2020-04-07
2.9094,2.9094,2.9094,-0.0090599455,2020-04-08
2.996,2.996,2.996,0.0297655874,2020-04-09
2.9532,2.9532,2.9532,-0.0142857143,2020-04-10
2.9208,2.9208,2.9208,-0.0109711499,2020-04-13
2.9697,2.9697,2.9697,0.0167419885,2020-04-14
2.963,2.963,2.963,-0.0022561201,2020-04-15
2.9838,2.9838,2.9838,0.0070199123,2020-04-16
3.0174,3.0174,3.0174,0.0112608084,2020-04-17
3.054,3.054,3.054,0.012129648,2020-04-20
2.9957,2.9957,2.9957,-0.0190897184,2020-04-21
3.001,3.001,3.001,0.0017692025,2020-04-22
3.0059,3.0059,3.0059,0.0016327891,2020-04-23
3.0051,3.0051,3.0051,-0.0002661433,2020-04-24
3.0036,3.0036,3.0036,-0.0004991514,2020-04-27
2.9714,2.9714,2.9714,-0.0107204688,2020-04-28
2.993,2.993,2.993,0.0072693007,2020-04-29
3.0328,3.0328,3.0328,0.0132976946,2020-04-30
3.0699,3.0699,3.0699,0.0122329201,2020-05-06
3.05,3.05,3.05,-0.0064822958,2020-05-07
3.0967,3.0967,3.0967,0.0153114754,2020-05-08
3.0906,3.0906,3.0906,-0.0019698389,2020-05-11
3.0979,3.0979,3.0979,0.0023620009,2020-05-12
3.1418,3.1418,3.1418,0.01417089,2020-05-13
3.1434,3.1434,3.1434,0.0005092622,2020-05-14
3.19,3.19,3.19,0.0148247121,2020-05-15
3.206,3.206,3.206,0.005015674,2020-05-18
3.2926,3.2926,3.2926,0.0270118528,2020-05-19
3.275,3.275,3.275,-0.0053453198,2020-05-20
3.178,3.178,3.178,-0.0296183206,2020-05-21
3.0619,3.0619,3.0619,-0.0365324103,2020-05-22
3.1278,3.1278,3.1278,0.021522584,2020-05-25
3.225,3.225,3.225,0.0310761558,2020-05-26
3.16,3.16,3.16,-0.0201550388,2020-05-27
3.153,3.153,3.153,-0.0022151899,2020-05-28
3.2524,3.2524,3.2524,0.0315255312,2020-05-29
3.3536,3.3536,3.3536,0.031115484,2020-06-01
3.3188,3.3188,3.3188,-0.0103769084,2020-06-02
3.3549,3.3549,3.3549,0.0108774256,2020-06-03
3.3637,3.3637,3.3637,0.002623029,2020-06-04
3.4215,3.4215,3.4215,0.0171834587,2020-06-05
3.415,3.415,3.415,-0.0018997516,2020-06-08
3.3986,3.3986,3.3986,-0.0048023426,2020-06-09
3.506,3.506,3.506,0.0316012476,2020-06-10
3.482,3.482,3.482,-0.0068454079,2020-06-11
3.5297,3.5297,3.5297,0.0136990235,2020-06-12
3.5217,3.5217,3.5217,-0.0022664816,2020-06-15
3.5974,3.5974,3.5974,0.0214953006,2020-06-16
3.597,3.597,3.597,-0.0001111914,2020-06-17
3.6338,3.6338,3.6338,0.0102307478,2020-06-18
3.7085,3.7085,3.7085,0.0205569927,2020-06-19
3.699,3.699,3.699,-0.0025616826,2020-06-22
3.8004,3.8004,3.8004,0.0274128143,2020-06-23
3.8149,3.8149,3.8149,0.0038153879,2020-06-24
3.8276,3.8276,3.8276,0.0033290519,2020-06-29
3.9234,3.9234,3.9234,0.0250287386,2020-06-30
3.8504,3.8504,3.8504,-0.0186063109,2020-07-01
4.0017,4.0017,4.0017,0.0392946187,2020-07-02
4.0985,4.0985,4.0985,0.0241897194,2020-07-03
4.196,4.196,4.196,0.0237891912,2020-07-06
4.1579,4.1579,4.1579,-0.0090800763,2020-07-07
4.253,4.253,4.253,0.0228721229,2020-07-08
4.437,4.437,4.437,0.0432635787,2020-07-09
4.3865,4.3865,4.3865,-0.0113815641,2020-07-10
4.5044,4.5044,4.5044,0.0268779209,2020-07-13
4.4027,4.4027,4.4027,-0.0225779238,2020-07-14
4.305,4.305,4.305,-0.0221909283,2020-07-15
3.9706,3.9706,3.9706,-0.0776771196,2020-07-16
4.0708,4.0708,4.0708,0.0252354808,2020-07-17
4.076,4.076,4.076,0.0012773902,2020-07-20
4.2934,4.2934,4.2934,0.0533366045,2020-07-21
4.2114,4.2114,4.2114,-0.0190990823,2020-07-22
4.2634,4.2634,4.2634,0.0123474379,2020-07-23
4.0139,4.0139,4.0139,-0.0585213679,2020-07-24
3.957,3.957,3.957,-0.0141757393,2020-07-27
4.0587,4.0587,4.0587,0.0257012889,2020-07-28
4.202,4.202,4.202,0.0353068717,2020-07-29
4.1478,4.1478,4.1478,-0.0128986197,2020-07-30
4.1793,4.1793,4.1793,0.0075943874,2020-07-31
4.2248,4.2248,4.2248,0.0108869906,2020-08-03
4.2268,4.2268,4.2268,0.0004733952,2020-08-04
4.339,4.339,4.339,0.0265449039,2020-08-05
4.3039,4.3039,4.3039,-0.0080894215,2020-08-06
4.1951,4.1951,4.1951,-0.0252793978,2020-08-07
4.1518,4.1518,4.1518,-0.0103215656,2020-08-10
4.126,4.126,4.126,-0.0062141722,2020-08-11
4.0,4.0,4.0,-0.0305380514,2020-08-12
4.011,4.011,4.011,0.00275,2020-08-13
4.0228,4.0228,4.0228,0.0029419097,2020-08-14
4.0324,4.0324,4.0324,0.0023863975,2020-08-17
4.0896,4.0896,4.0896,0.0141851007,2020-08-18
3.9898,3.9898,3.9898,-0.0244033646,2020-08-19
3.953,3.953,3.953,-0.00922352,2020-08-20
3.9497,3.9497,3.9497,-0.000834809,2020-08-21
4.0018,4.0018,4.0018,0.0131908753,2020-08-24
3.956,3.956,3.956,-0.0114448498,2020-08-25
3.899,3.899,3.899,-0.0144084934,2020-08-26
3.9416,3.9416,3.9416,0.0109258784,2020-08-27
4.0173,4.0173,4.0173,0.0192053988,2020-08-28
4.0586,4.0586,4.0586,0.0102805367,2020-08-31
4.081,4.081,4.081,0.0055191445,2020-09-01
4.1324,4.1324,4.1324,0.0125949522,2020-09-02
4.0754,4.0754,4.0754,-0.0137934372,2020-09-03
4.0157,4.0157,4.0157,-0.0146488688,2020-09-04
3.906,3.906,3.906,-0.0273177777,2020-09-07
3.895,3.895,3.895,-0.0028161802,2020-09-08
3.7358,3.7358,3.7358,-0.040872914,2020-09-09
3.693,3.693,3.693,-0.0114567161,2020-09-10
3.7683,3.7683,3.7683,0.0203899269,2020-09-11
3.8054,3.8054,3.8054,0.0098452883,2020-09-14
3.843,3.843,3.843,0.0098806959,2020-09-15
3.826,3.826,3.826,-0.0044236274,2020-09-16
3.8146,3.8146,3.8146,-0.0029796132,2020-09-17
3.8794,3.8794,3.8794,0.0169873643,2020-09-18
3.799,3.799,3.799,-0.0207248544,2020-09-21
3.765,3.765,3.765,-0.0089497236,2020-09-22
3.83,3.83,3.83,0.0172642762,2020-09-23
3.708,3.708,3.708,-0.0318537859,2020-09-24
3.6912,3.6912,3.6912,-0.0045307443,2020-09-25
3.6564,3.6564,3.6564,-0.0094278283,2020-09-28
3.7397,3.7397,3.7397,0.0227819713,2020-09-29
3.7506,3.7506,3.7506,0.0029146723,2020-09-30
3.8551,3.8551,3.8551,0.0278622087,2020-10-09
4.002,4.002,4.002,0.0381053669,2020-10-12
4.029,4.029,4.029,0.0067466267,2020-10-13
4.0256,4.0256,4.0256,-0.0008438819,2020-10-14
4.0134,4.0134,4.0134,-0.0030306041,2020-10-15
3.9961,3.9961,3.9961,-0.0043105596,2020-10-16
3.92,3.92,3.92,-0.0190435675,2020-10-19
3.9679,3.9679,3.9679,0.0122193878,2020-10-20
3.9567,3.9567,3.9567,-0.0028226518,2020-10-21
3.9194,3.9194,3.9194,-0.0094270478,2020-10-22
3.8441,3.8441,3.8441,-0.0192121243,2020-10-23
3.842,3.842,3.842,-0.0005462917,2020-10-26
3.852,3.852,3.852,0.002602811,2020-10-27
3.8836,3.8836,3.8836,0.0082035306,2020-10-28
3.876,3.876,3.876,-0.0019569472,2020-10-29
3.8431,3.8431,3.8431,-0.0084881321,2020-10-30
3.8539,3.8539,3.8539,0.0028102313,2020-11-02
3.8808,3.8808,3.8808,0.0069799424,2020-11-03
3.89,3.89,3.89,0.0023706452,2020-11-04
3.9534,3.9534,3.9534,0.0162982005,2020-11-05
3.9412,3.9412,3.9412,-0.0030859513,2020-11-06
3.985,3.985,3.985,0.0111133665,2020-11-09
3.9409,3.9409,3.9409,-0.0110664994,2020-11-10
3.8847,3.8847,3.8847,-0.0142607019,2020-11-11
3.918,3.918,3.918,0.0085720905,2020-11-12
3.9147,3.9147,3.9147,-0.0008422665,2020-11-13
3.967,3.967,3.967,0.0133598999,2020-11-16
3.9416,3.9416,3.9416,-0.0064028233,2020-11-17
3.981,3.981,3.981,0.0099959407,2020-11-18
3.968,3.968,3.968,-0.0032655112,2020-11-19
4.076,4.076,4.076,0.0272177419,2020-11-20
3.989,3.989,3.989,-0.0213444553,2020-11-23
3.986,3.986,3.986,-0.0007520682,2020-11-24
3.932,3.932,3.932,-0.013547416,2020-11-25
3.899,3.899,3.899,-0.0083926755,2020-11-26
3.916,3.916,3.916,0.0043600923,2020-11-27
3.926,3.926,3.926,0.0025536261,2020-11-30
3.901,3.901,3.901,-0.0063678044,2020-12-01
3.9,3.9,3.9,-0.0002563445,2020-12-02
3.8918,3.8918,3.8918,-0.0021025641,2020-12-03
3.8653,3.8653,3.8653,-0.0068091886,2020-12-04
3.808,3.808,3.808,-0.0148242051,2020-12-07
3.8067,3.8067,3.8067,-0.0003413866,2020-12-08
3.792,3.792,3.792,-0.0038616124,2020-12-09
3.775,3.775,3.775,-0.0044831224,2020-12-10
3.7924,3.7924,3.7924,0.0046092715,2020-12-11
3.8134,3.8134,3.8134,0.0055373906,2020-12-14
3.826,3.826,3.826,0.003304138,2020-12-15
3.832,3.832,3.832,0.0015682175,2020-12-16
3.9207,3.9207,3.9207,0.0231471816,2020-12-17
3.9015,3.9015,3.9015,-0.0048970847,2020-12-18
3.988,3.988,3.988,0.0221709599,2020-12-21
3.902,3.902,3.902,-0.0215646941,2020-12-22
4.0204,4.0204,4.0204,0.0303434136,2020-12-23
3.9846,3.9846,3.9846,-0.0089045866,2020-12-24
4.0067,4.0067,4.0067,0.0055463535,2020-12-25
4.065,4.065,4.065,0.0145506277,2020-12-28
4.002,4.002,4.002,-0.015498155,2020-12-29
4.082,4.082,4.082,0.019990005,2020-12-30
4.1731,4.1731,4.1731,0.0223174914,2020-12-31
4.3556,4.3556,4.3556,0.0437324771,2021-01-04
4.415,4.415,4.415,0.0136376159,2021-01-05
4.44,4.44,4.44,0.0056625142,2021-01-06
4.5037,4.5037,4.5037,0.0143468468,2021-01-07
4.5983,4.5983,4.5983,0.0210049515,2021-01-08
4.532,4.532,4.532,-0.014418372,2021-01-11
4.668,4.668,4.668,0.0300088261,2021-01-12
4.674,4.674,4.674,0.001285347,2021-01-13
4.623,4.623,4.623,-0.0109114249,2021-01-14
4.579,4.579,4.579,-0.0095176292,2021-01-15
4.6959,4.6959,4.6959,0.0255295916,2021-01-18
4.673,4.673,4.673,-0.0048765945,2021-01-19
4.841,4.841,4.841,0.0359512091,2021-01-20
4.8877,4.8877,4.8877,0.0096467672,2021-01-21
4.9674,4.9674,4.9674,0.0163062381,2021-01-22
5.078,5.078,5.078,0.0222651689,2021-01-25
5.065,5.065,5.065,-0.002560063,2021-01-26
5.1188,5.1188,5.1188,0.0106219151,2021-01-27
4.9257,4.9257,4.9257,-0.0377236852,2021-01-28
4.8537,4.8537,4.8537,-0.0146172118,2021-01-29
4.965,4.965,4.965,0.0229309599,2021-02-01
5.0924,5.0924,5.0924,0.0256596173,2021-02-02
5.032,5.032,5.032,-0.0118608122,2021-02-03
4.9184,4.9184,4.9184,-0.0225755167,2021-02-04
4.7807,4.7807,4.7807,-0.0279969096,2021-02-05
4.8507,4.8507,4.8507,0.0146422072,2021-02-08
5.0314,5.0314,5.0314,0.0372523553,2021-02-09
5.1718,5.1718,5.1718,0.0279047581,2021-02-10
5.33,5.33,5.33,0.0305889632,2021-02-18
5.36,5.36,5.36,0.0056285178,2021-02-19
5.259,5.259,5.259,-0.0188432836,2021-02-22
5.27,5.27,5.27,0.0020916524,2021-02-23
5.1728,5.1728,5.1728,-0.0184440228,2021-02-24
5.1868,5.1868,5.1868,0.0027064646,2021-02-25
5.0142,5.0142,5.0142,-0.0332767795,2021-02-26
5.2019,5.2019,5.2019,0.0374336883,2021-03-01
5.171,5.171,5.171,-0.0059401373,2021-03-02
5.207,5.207,5.207,0.0069619029,2021-03-03
5.0287,5.0287,5.0287,-0.034242366,2021-03-04
5.0283,5.0283,5.0283,-7.95434e-05,2021-03-05
4.83,4.83,4.83,-0.0394367878,2021-03-08
4.735,4.735,4.735,-0.0196687371,2021-03-09
4.761,4.761,4.761,0.0054910243,2021-03-10
4.9248,4.9248,4.9248,0.0344045369,2021-03-11
4.9033,4.9033,4.9033,-0.0043656595,2021-03-12
4.863,4.863,4.863,-0.0082189546,2021-03-15
4.9377,4.9377,4.9377,0.0153608883,2021-03-16
5.056,5.056,5.056,0.0239585232,2021-03-17
5.073,5.073,5.073,0.0033623418,2021-03-18
4.963,4.963,4.963,-0.021683422,2021-03-19
5.051,5.051,5.051,0.017731211,2021-03-22
4.9888,4.9888,4.9888,-0.0123143932,2021-03-23
4.8798,4.8798,4.8798,-0.0218489416,2021-03-24
4.8417,4.8417,4.8417,-0.007807697,2021-03-25
4.9604,4.9604,4.9604,0.0245161823,2021-03-26
4.9316,4.9316,4.9316,-0.0058059834,2021-03-29
4.9748,4.9748,4.9748,0.0087598345,2021-03-30
4.876,4.876,4.876,-0.0198600949,2021-03-31
4.9888,4.9888,4.9888,0.0231337162,2021-04-01
5.077,5.077,5.077,0.0176796023,2021-04-02
5.0476,5.0476,5.0476,-0.0057908214,2021-04-06
5.0917,5.0917,5.0917,0.0087368254,2021-04-07
5.09,5.09,5.09,-0.0003338767,2021-04-08
5.0709,5.0709,5.0709,-0.0037524558,2021-04-09
4.957,4.957,4.957,-0.022461496,2021-04-12
4.9754,4.9754,4.9754,0.0037119225,2021-04-13
5.0567,5.0567,5.0567,0.0163403947,2021-04-14
5.031,5.031,5.031,-0.005082366,2021-04-15
5.0437,5.0437,5.0437,0.002524349,2021-04-16
5.1666,5.1666,5.1666,0.0243670321,2021-04-19
5.138,5.138,5.138,-0.0055355553,2021-04-20
5.131,5.131,5.131,-0.0013623978,2021-04-21
5.1818,5.1818,5.1818,0.0099006042,2021-04-22
5.1987,5.1987,5.1987,0.003261415,2021-04-23
5.161,5.161,5.161,-0.007251813,2021-04-26
5.132,5.132,5.132,-0.0056190661,2021-04-27
5.0937,5.0937,5.0937,-0.0074629774,2021-04-28
5.075,5.075,5.075,-0.0036712017,2021-04-29
5.0039,5.0039,5.0039,-0.0140098522,2021-04-30
4.9439,4.9439,4.9439,-0.0119906473,2021-05-06
4.8643,4.8643,4.8643,-0.0161006493,2021-05-07
4.877,4.877,4.877,0.0026108587,2021-05-10
4.8387,4.8387,4.8387,-0.0078531884,2021-05-11
4.8637,4.8637,4.8637,0.005166677,2021-05-12
4.7996,4.7996,4.7996,-0.0131792668,2021-05-13
4.8444,4.8444,4.8444,0.0093341112,2021-05-14
4.8309,4.8309,4.8309,-0.0027867228,2021-05-17
4.8749,4.8749,4.8749,0.0091080337,2021-05-18
4.864,4.864,4.864,-0.0022359433,2021-05-19
4.8378,4.8378,4.8378,-0.0053865132,2021-05-20
4.8573,4.8573,4.8573,0.0040307578,2021-05-21
4.899,4.899,4.899,0.0085850164,2021-05-24
4.933,4.933,4.933,0.0069401919,2021-05-25
4.9468,4.9468,4.9468,0.0027974863,2021-05-26
5.0234,5.0234,5.0234,0.0154847578,2021-05-27
5.0018,5.0018,5.0018,-0.0042998766,2021-05-28
5.0358,5.0358,5.0358,0.0067975529,2021-05-31
5.1034,5.1034,5.1034,0.013423885,2021-06-01
5.0258,5.0258,5.0258,-0.0152055492,2021-06-02
4.9744,4.9744,4.9744,-0.0102272275,2021-06-03
4.9799,4.9799,4.9799,0.001105661,2021-06-04
5.0107,5.0107,5.0107,0.0061848631,2021-06-07
5.0998,5.0998,5.0998,0.0177819466,2021-06-08
5.1007,5.1007,5.1007,0.0001764775,2021-06-09
5.104,5.104,5.104,0.00064697,2021-06-10
5.0753,5.0753,5.0753,-0.0056230408,2021-06-11
5.052,5.052,5.052,-0.0045908616,2021-06-15
4.91,4.91,4.91,-0.0281076801,2021-06-16
5.0754,5.0754,5.0754,0.0336863544,2021-06-17
5.1939,5.1939,5.1939,0.0233479135,2021-06-18
5.1939,5.1939,5.1939,0.0,2021-06-21
5.1768,5.1768,5.1768,-0.0032923237,2021-06-22
5.2689,5.2689,5.2689,0.0177909133,2021-06-23
5.2388,5.2388,5.2388,-0.0057127674,2021-06-24
5.2581,5.2581,5.2581,0.0036840498,2021-06-25
5.3367,5.3367,5.3367,0.0149483654,2021-06-28
5.3009,5.3009,5.3009,-0.0067082654,2021-06-29
5.2994,5.2994,5.2994,-0.0002829708,2021-06-30
5.233,5.233,5.233,-0.0125297203,2021-07-01
5.1329,5.1329,5.1329,-0.0191286069,2021-07-02
5.213,5.213,5.213,0.0156052134,2021-07-05
5.1887,5.1887,5.1887,-0.0046614234,2021-07-06
5.342,5.342,5.342,0.0295449727,2021-07-07
5.288,5.288,5.288,-0.0101085736,2021-07-08
5.3658,5.3658,5.3658,0.0147125567,2021-07-09
5.4219,5.4219,5.4219,0.0104551046,2021-07-12
5.4387,5.4387,5.4387,0.0030985448,2021-07-13
5.305,5.305,5.305,-0.0245830805,2021-07-14
5.2949,5.2949,5.2949,-0.0019038643,2021-07-15
5.1836,5.1836,5.1836,-0.021020227,2021-07-16
5.135,5.135,5.135,-0.0093757234,2021-07-19
5.2276,5.2276,5.2276,0.0180331061,2021-07-20
5.3388,5.3388,5.3388,0.0212717117,2021-07-21
5.453,5.453,5.453,0.0213905747,2021-07-22
5.4022,5.4022,5.4022,-0.0093159729,2021-07-23
5.282,5.282,5.282,-0.0222501944,2021-07-26
5.036,5.036,5.036,-0.0465732677,2021-07-27
5.027,5.027,5.027,-0.0017871326,2021-07-28
5.3619,5.3619,5.3619,0.0666202506,2021-07-29
5.4384,5.4384,5.4384,0.0142673306,2021-07-30
5.551,5.551,5.551,0.020704619,2021-08-02
5.501,5.501,5.501,-0.0090073861,2021-08-03
5.698,5.698,5.698,0.0358116706,2021-08-04
5.725,5.725,5.725,0.0047385047,2021-08-05
5.7449,5.7449,5.7449,0.0034759825,2021-08-06
5.703,5.703,5.703,-0.0072934255,2021-08-09
5.7444,5.7444,5.7444,0.0072593372,2021-08-10
5.682,5.682,5.682,-0.0108627533,2021-08-11
5.7286,5.7286,5.7286,0.0082013376,2021-08-12
5.5394,5.5394,5.5394,-0.0330272667,2021-08-13
5.4907,5.4907,5.4907,-0.0087915659,2021-08-16
5.449,5.449,5.449,-0.0075946601,2021-08-17
5.4177,5.4177,5.4177,-0.0057441732,2021-08-18
5.462,5.462,5.462,0.0081769016,2021-08-19
5.4676,5.4676,5.4676,0.0010252655,2021-08-20
5.5564,5.5564,5.5564,0.0162411296,2021-08-23
5.618,5.618,5.618,0.0110863149,2021-08-24
5.611,5.611,5.611,-0.001245995,2021-08-25
5.5348,5.5348,5.5348,-0.0135804669,2021-08-26
5.6582,5.6582,5.6582,0.0222952952,2021-08-27
5.702,5.702,5.702,0.0077409777,2021-08-30
5.743,5.743,5.743,0.0071904595,2021-08-31
5.7367,5.7367,5.7367,-0.0010969876,2021-09-01
5.8814,5.8814,5.8814,0.0252235606,2021-09-02
5.8863,5.8863,5.8863,0.000833135,2021-09-03
6.005,6.005,6.005,0.020165469,2021-09-06
6.1364,6.1364,6.1364,0.0218817652,2021-09-07
6.023,6.023,6.023,-0.0184798905,2021-09-08
5.8899,5.8899,5.8899,-0.0220986219,2021-09-09
5.9516,5.9516,5.9516,0.0104755599,2021-09-10
5.86,5.86,5.86,-0.0153908193,2021-09-13
5.742,5.742,5.742,-0.0201365188,2021-09-14
5.7414,5.7414,5.7414,-0.0001044932,2021-09-15
5.6057,5.6057,5.6057,-0.0236353503,2021-09-16
5.6833,5.6833,5.6833,0.0138430526,2021-09-17
5.6448,5.6448,5.6448,-0.0067742333,2021-09-22
5.492,5.492,5.492,-0.027069161,2021-09-23
5.434,5.434,5.434,-0.0105608157,2021-09-24
5.3306,5.3306,5.3306,-0.0190283401,2021-09-27
5.373,5.373,5.373,0.0079540765,2021-09-28
5.2749,5.2749,5.2749,-0.0182579564,2021-09-29
5.3185,5.3185,5.3185,0.0082655595,2021-09-30
5.3936,5.3936,5.3936,0.0141205227,2021-10-08
5.529,5.529,5.529,0.0251038268,2021-10-11
5.45,5.45,5.45,-0.0142882981,2021-10-12
5.5084,5.5084,5.5084,0.0107155963,2021-10-13
5.5219,5.5219,5.5219,0.0024508024,2021-10-14
5.5044,5.5044,5.5044,-0.003169199,2021-10-15
5.5306,5.5306,5.5306,0.0047598285,2021-10-18
5.6248,5.6248,5.6248,0.01703251,2021-10-19
5.5799,5.5799,5.5799,-0.007982506,2021-10-20
5.5354,5.5354,5.5354,-0.0079750533,2021-10-21
5.6151,5.6151,5.6151,0.0143982368,2021-10-22
5.607,5.607,5.607,-0.0014425389,2021-10-25
5.601,5.601,5.601,-0.001070091,2021-10-26
5.5174,5.5174,5.5174,-0.0149259061,2021-10-27
5.516,5.516,5.516,-0.0002537427,2021-10-28
5.5777,5.5777,5.5777,0.0111856418,2021-10-29
5.6238,5.6238,5.6238,0.0082650555,2021-11-01
5.6147,5.6147,5.6147,-0.001618123,2021-11-02
5.6027,5.6027,5.6027,-0.0021372469,2021-11-03
5.6964,5.6964,5.6964,0.0167240795,2021-11-04
5.6716,5.6716,5.6716,-0.0043536269,2021-11-05
5.6877,5.6877,5.6877,0.0028387051,2021-11-08
5.6758,5.6758,5.6758,-0.0020922341,2021-11-09
5.66,5.66,5.66,-0.0027837485,2021-11-10
5.7524,5.7524,5.7524,0.0163250883,2021-11-11
5.7931,5.7931,5.7931,0.0070753077,2021-11-12
5.79,5.79,5.79,-0.0005351194,2021-11-15
5.839,5.839,5.839,0.008462867,2021-11-16
5.865,5.865,5.865,0.0044528173,2021-11-17
5.754,5.754,5.754,-0.0189258312,2021-11-18
5.9093,5.9093,5.9093,0.0269899201,2021-11-19
5.796,5.796,5.796,-0.0191731677,2021-11-26
5.7712,5.7712,5.7712,-0.004278813,2021-12-03
5.9591,5.9591,5.9591,0.0325582201,2021-12-10
5.7826,5.7826,5.7826,-0.0296185666,2021-12-17
5.8574,5.8574,5.8574,0.0129353578,2021-12-24
5.9092,5.9092,5.9092,0.0088435142,2021-12-31
5.7035,5.7035,5.7035,-0.0348101266,2022-01-07
5.7034,5.7034,5.7034,-1.75331e-05,2022-01-14
5.5782,5.5782,5.5782,-0.0219518182,2022-01-21
5.188,5.188,5.188,-0.0699508802,2022-01-28
5.162,5.162,5.162,-0.0050115652,2022-02-11
5.2104,5.2104,5.2104,0.0093762108,2022-02-18
5.2237,5.2237,5.2237,0.0025525871,2022-02-25
4.7797,4.7797,4.7797,-0.0849972242,2022-03-04
4.5326,4.5326,4.5326,-0.0516978053,2022-03-11
4.2867,4.2867,4.2867,-0.054251423,2022-03-18
4.2988,4.2988,4.2988,0.0028226841,2022-03-25
4.3313,4.3313,4.3313,0.0075602494,2022-04-01
4.3086,4.3086,4.3086,-0.0052409207,2022-04-08
4.2847,4.2847,4.2847,-0.0055470454,2022-04-15
4.2584,4.2584,4.2584,-0.0061381194,2022-04-22
4.2385,4.2385,4.2385,-0.0046731167,2022-04-29
4.2308,4.2308,4.2308,-0.0018166804,2022-05-06
4.2847,4.2847,4.2847,0.0127399073,2022-05-13
4.3158,4.3158,4.3158,0.0072583845,2022-05-20
4.2848,4.2848,4.2848,-0.0071829093,2022-05-27
4.3459,4.3459,4.3459,0.0142597087,2022-06-02
4.3013,4.3013,4.3013,-0.0102625463,2022-06-10
4.2193,4.2193,4.2193,-0.0190640039,2022-06-17
4.3876,4.3876,4.3876,0.0398881331,2022-06-24
4.4652,4.4652,4.4652,0.0176862066,2022-07-01
4.6251,4.6251,4.6251,0.0358102661,2022-07-08
4.538,4.538,4.538,-0.0188320253,2022-07-15
4.5755,4.5755,4.5755,0.0082635522,2022-07-22
4.5129,4.5129,4.5129,-0.0136815649,2022-07-29
4.4212,4.4212,4.4212,-0.0203195285,2022-08-05
4.3477,4.3477,4.3477,-0.0166244459,2022-08-12
4.4047,4.4047,4.4047,0.0131103802,2022-08-19
4.0606,4.0606,4.0606,-0.0781210979,2022-08-26
3.975,3.975,3.975,-0.0210806285,2022-09-02
3.9891,3.9891,3.9891,0.0035471698,2022-09-09
3.9234,3.9234,3.9234,-0.0164698804,2022-09-16
3.9239,3.9239,3.9239,0.0001274405,2022-09-23
3.923,3.923,3.923,-0.0002293636,2022-09-30
3.9239,3.9239,3.9239,0.0002294163,2022-10-14
3.8972,3.8972,3.8972,-0.0068044548,2022-10-21
3.8232,3.8232,3.8232,-0.0189879914,2022-10-28
3.8827,3.8827,3.8827,0.0155628793,2022-11-04
3.884,3.884,3.884,0.0003348186,2022-11-11
3.902,3.902,3.902,0.0046343975,2022-11-18
3.8961,3.8961,3.8961,-0.0015120451,2022-11-25
3.9169,3.9169,3.9169,0.005338672,2022-12-02
3.9586,3.9586,3.9586,0.0106461743,2022-12-09
3.9276,3.9276,3.9276,-0.0078310514,2022-12-16
3.8612,3.8612,3.8612,-0.0169059986,2022-12-23
3.8753,3.8753,3.8753,0.0036517145,2022-12-30
4.0074,4.0074,4.0074,0.0340876835,2023-01-06
4.0533,4.0533,4.0533,0.0114538105,2023-01-13
4.0851,4.0851,4.0851,0.0078454593,2023-01-20
4.1801,4.1801,4.1801,0.0232552447,2023-02-03
4.0511,4.0511,4.0511,-0.0308605057,2023-02-10
4.0268,4.0268,4.0268,-0.0059983708,2023-02-17
4.0689,4.0689,4.0689,0.0104549518,2023-02-24
4.1704,4.1704,4.1704,0.0249453169,2023-03-03
3.9142,3.9142,3.9142,-0.0614329561,2023-03-10
3.8706,3.8706,3.8706,-0.01113893,2023-03-17
3.996,3.996,3.996,0.0323980778,2023-03-24
3.9798,3.9798,3.9798,-0.0040540541,2023-03-31
4.0985,4.0985,4.0985,0.0298256194,2023-04-07
4.0367,4.0367,4.0367,-0.0150786873,2023-04-14
3.9449,3.9449,3.9449,-0.0227413481,2023-04-21
3.9139,3.9139,3.9139,-0.0078582474,2023-04-28
3.8584,3.8584,3.8584,-0.0141802294,2023-05-05
3.8105,3.8105,3.8105,-0.0124144723,2023-05-12
3.8493,3.8493,3.8493,0.0101823908,2023-05-19
3.8537,3.8537,3.8537,0.001143065,2023-05-26
3.8777,3.8777,3.8777,0.0062277811,2023-06-02
3.8296,3.8296,3.8296,-0.0124042603,2023-06-09
3.9275,3.9275,3.9275,0.0255640276,2023-06-16
3.8928,3.8928,3.8928,-0.0088351369,2023-06-21
3.8293,3.8293,3.8293,-0.0163121661,2023-06-30
3.8577,3.8577,3.8577,0.0074164991,2023-07-07
3.8667,3.8667,3.8667,0.0023329963,2023-07-14
3.8677,3.8677,3.8677,0.0002586185,2023-07-21
3.8835,3.8835,3.8835,0.0040851152,2023-07-28
3.8766,3.8766,3.8766,-0.0017767478,2023-08-04
3.8493,3.8493,3.8493,-0.0070422535,2023-08-11
3.8149,3.8149,3.8149,-0.0089366898,2023-08-18
3.8046,3.8046,3.8046,-0.0026999397,2023-08-25
3.8212,3.8212,3.8212,0.0043631394,2023-09-01
3.8044,3.8044,3.8044,-0.0043965247,2023-09-08
3.8724,3.8724,3.8724,0.0178740406,2023-09-15
3.8605,3.8605,3.8605,-0.0030730296,2023-09-22
3.8723,3.8723,3.8723,0.0030565989,2023-09-28
3.8585,3.8585,3.8585,-0.0035637735,2023-10-13
3.7732,3.7732,3.7732,-0.0221070364,2023-10-20
3.7677,3.7677,3.7677,-0.0014576487,2023-10-27
3.8011,3.8011,3.8011,0.0088648247,2023-11-03
3.8066,3.8066,3.8066,0.0014469496,2023-11-10
3.8379,3.8379,3.8379,0.0082225608,2023-11-17
3.8002,3.8002,3.8002,-0.0098230803,2023-11-24
3.8463,3.8463,3.8463,0.0121309405,2023-12-01
3.8135,3.8135,3.8135,-0.0085276759,2023-12-08
3.7833,3.7833,3.7833,-0.0079192343,2023-12-15
3.6941,3.6941,3.6941,-0.0235773002,2023-12-22
3.7211,3.7211,3.7211,0.0073089521,2023-12-29
3.7013,3.7013,3.7013,-0.0053210072,2024-01-05
3.6724,3.6724,3.6724,-0.0078080674,2024-01-12
3.6444,3.6444,3.6444,-0.0076244418,2024-01-19
3.6446,3.6446,3.6446,5.48787e-05,2024-01-26
3.6449,3.6449,3.6449,8.23136e-05,2024-02-02
3.6451,3.6451,3.6451,5.48712e-05,2024-02-08
3.6576,3.6576,3.6576,0.0034292612,2024-02-23
3.7119,3.7119,3.7119,0.0148458005,2024-03-01
3.7313,3.7313,3.7313,0.0052264339,2024-03-08
3.7549,3.7549,3.7549,0.0063248734,2024-03-15
3.7222,3.7222,3.7222,-0.0087086207,2024-03-22
3.6673,3.6673,3.6673,-0.0147493418,2024-03-29
3.6763,3.6763,3.6763,0.0024541216,2024-04-03
3.7126,3.7126,3.7126,0.0098740582,2024-04-12
3.739,3.739,3.739,0.0071109196,2024-04-19
3.8763,3.8763,3.8763,0.0367210484,2024-04-26
3.9003,3.9003,3.9003,0.0061914712,2024-04-30
3.8172,3.8172,3.8172,-0.0213060534,2024-05-10
3.8222,3.8222,3.8222,0.0013098606,2024-05-17
3.7677,3.7677,3.7677,-0.0142588038,2024-05-24
3.7618,3.7618,3.7618,-0.0015659421,2024-05-31
3.7752,3.7752,3.7752,0.0035621245,2024-06-07
3.7453,3.7453,3.7453,-0.0079201102,2024-06-14
3.7695,3.7695,3.7695,0.0064614317,2024-06-21
3.7277,3.7277,3.7277,-0.0110890038,2024-06-28
3.7265,3.7265,3.7265,-0.0003219143,2024-07-05
3.7161,3.7161,3.7161,-0.0027908225,2024-07-12
3.7595,3.7595,3.7595,0.0116789107,2024-07-19
3.6534,3.6534,3.6534,-0.028221838,2024-08-02
3.6236,3.6236,3.6236,-0.0081567855,2024-08-09
3.6283,3.6283,3.6283,0.0012970527,2024-08-16
3.6254,3.6254,3.6254,-0.0007992724,2024-08-20
3.6448,3.6448,3.6448,0.0053511337,2024-08-23
3.6593,3.6593,3.6593,0.0039782704,2024-08-30
3.6644,3.6644,3.6644,0.0013937092,2024-09-06
3.6371,3.6371,3.6371,-0.00745006,2024-09-13
3.6553,3.6553,3.6553,0.0050039867,2024-09-20
3.8384,3.8384,3.8384,0.0500916477,2024-09-27
4.0209,4.0209,4.0209,0.0475458524,2024-09-30
3.9317,3.9317,3.9317,-0.0221840881,2024-10-11
3.9182,3.9182,3.9182,-0.0034336292,2024-10-18
3.922,3.922,3.922,0.0009698331,2024-10-25
3.861,3.861,3.861,-0.0155532891,2024-10-31
3.8725,3.8725,3.8725,0.002978503,2024-11-01
4.0249,4.0249,4.0249,0.0393544222,2024-11-08
3.8951,3.8951,3.8951,-0.0322492484,2024-11-15
3.8415,3.8415,3.8415,-0.0137608791,2024-11-22
3.8198,3.8198,3.8198,-0.0056488351,2024-11-29
3.8424,3.8424,3.8424,0.0059165401,2024-12-06
3.8136,3.8136,3.8136,-0.0074953154,2024-12-13
3.7906,3.7906,3.7906,-0.0060310468,2024-12-20
3.7686,3.7686,3.7686,-0.0058038305,2024-12-27
3.6931,3.6931,3.6931,-0.0200339649,2024-12-31
3.5844,3.5844,3.5844,-0.0294332674,2025-01-03
3.5673,3.5673,3.5673,-0.0047706729,2025-01-10
3.6272,3.6272,3.6272,0.0167914109,2025-01-17
3.6895,3.6895,3.6895,0.017175783,2025-01-24
3.6114,3.6114,3.6114,-0.02116818,2025-01-27
3.7492,3.7492,3.7492,0.0381569474,2025-02-07
3.7229,3.7229,3.7229,-0.0070148298,2025-02-14
3.995,3.995,3.995,0.0730881839,2025-02-21
3.8574,3.8574,3.8574,-0.0344430538,2025-02-28
3.9432,3.9432,3.9432,0.0222429616,2025-03-07
3.9205,3.9205,3.9205,-0.0057567458,2025-03-14
3.8103,3.8103,3.8103,-0.0281086596,2025-03-21
3.8181,3.8181,3.8181,0.0020470829,2025-03-28
3.7881,3.7881,3.7881,-0.0078573112,2025-03-31
3.783,3.783,3.783,-0.0013463214,2025-04-03
3.669,3.669,3.669,-0.0301348136,2025-04-11
3.6578,3.6578,3.6578,-0.0030526029,2025-04-18
3.7042,3.7042,3.7042,0.0126852206,2025-04-25
3.7074,3.7074,3.7074,0.0008638842,2025-04-30
3.7548,3.7548,3.7548,0.0127852403,2025-05-09
3.7084,3.7084,3.7084,-0.0123575157,2025-05-16
3.6705,3.6705,3.6705,-0.010220041,2025-05-23
3.6104,3.6104,3.6104,-0.016373791,2025-05-30
3.7158,3.7158,3.7158,0.0291934412,2025-06-06
3.7566,3.7566,3.7566,0.0109801389,2025-06-13
3.661,3.661,3.661,-0.0254485439,2025-06-20
3.7962,3.7962,3.7962,0.0369298006,2025-06-27
3.8368,3.8368,3.8368,0.0106949054,2025-06-30
3.8515,3.8515,3.8515,0.0038313178,2025-07-04
3.8261,3.8261,3.8261,-0.0065948332,2025-07-11
4.0206,4.0206,4.0206,0.050835054,2025-07-18
4.0277,4.0277,4.0277,0.0017659056,2025-07-25
4.0278,4.0278,4.0278,2.48281e-05,2025-07-31
4.0441,4.0441,4.0441,0.0040468742,2025-08-01
4.0618,4.0618,4.0618,0.0043767464,2025-08-08
4.1502,4.1502,4.1502,0.0217637501,2025-08-15
4.2077,4.2077,4.2077,0.013854754,2025-08-22
4.2061,4.2061,4.2061,-0.0003802552,2025-08-29
4.1406,4.1406,4.1406,-0.0155726207,2025-09-05
4.3292,4.3292,4.3292,0.0455489543,2025-09-12
4.3647,4.3647,4.3647,0.0082001294,2025-09-19
4.4147,4.4147,4.4147,0.011455541,2025-09-26
4.5505,4.5505,4.5505,0.0307608671,2025-09-30
4.3269,4.3269,4.3269,-0.0491374574,2025-10-10
4.1637,4.1637,4.1637,-0.0377175345,2025-10-17
4.3209,4.3209,4.3209,0.0377548815,2025-10-24
4.2284,4.2284,4.2284,-0.0214075771,2025-10-31
4.1486,4.1486,4.1486,-0.0188723867,2025-11-07
4.0312,4.0312,4.0312,-0.0282987032,2025-11-14
3.7941,3.7941,3.7941,-0.0588162334,2025-11-21
4.0143,4.0143,4.0143,0.0580374792,2025-11-28
4.0896,4.0896,4.0896,0.0187579404,2025-12-05
4.139,4.139,4.139,0.012079421,2025-12-12
4.0311,4.0311,4.0311,-0.0260690988,2025-12-19
4.0283,4.0283,4.0283,-0.0006945995,2025-12-26
3.947,3.947,3.947,-0.0201822109,2025-12-31
4.1626,4.1626,4.1626,0.0546237649,2026-01-09
4.4417,4.4417,4.4417,0.0670494403,2026-01-16
4.5107,4.5107,4.5107,0.0155345926,2026-01-23
4.5145,4.5145,4.5145,0.0008424413,2026-01-30
4.2006,4.2006,4.2006,-0.0695315096,2026-02-06
4.2566,4.2566,4.2566,0.0133314288,2026-02-13
4.1528,4.1528,4.1528,-0.0243856599,2026-02-27
4.0417,4.0417,4.0417,-0.0267530341,2026-03-06
4.088,4.088,4.088,0.0114555756,2026-03-13
3.9451,3.9451,3.9451,-0.0349559687,2026-03-20
3.896,3.896,3.896,-0.0124458189,2026-03-27
3.831,3.831,3.831,-0.0166837782,2026-03-31
3.847,3.847,3.847,0.0041764552,2026-04-03
4.019,4.019,4.019,0.0447101638,2026-04-10
4.2258,4.2258,4.2258,0.051455586,2026-04-17
4.3156,4.3156,4.3156,0.0212504141,2026-04-24
4.3683,4.3683,4.3683,0.0122115117,2026-04-30
4.6674,4.6674,4.6674,0.0684705721,2026-05-08
4.9038,4.9038,4.9038,0.0506491837,2026-05-15
5.384,5.384,5.384,0.0979240589,2026-05-22
