nav,cumulative_nav_withdrawal,cumulative_nav,price_change,price_date
1.0,1.0,1.0,0.0,2021-11-08
1.0,1.0,1.0,0.0,2021-11-09
1.0,1.0,1.0,0.0,2021-11-10
1.0,1.0,1.0,0.0,2021-11-11
1.0,1.0,1.0,0.0,2021-11-12
1.0,1.0,1.0,0.0,2021-11-15
1.0,1.0,1.0,0.0,2021-11-16
1.0,1.0,1.0,0.0,2021-11-17
1.0,1.0,1.0,0.0,2021-11-18
1.0,1.0,1.0,0.0,2021-11-19
1.0,1.0,1.0,0.0,2021-11-22
1.0,1.0,1.0,0.0,2021-11-23
1.0,1.0,1.0,0.0,2021-11-24
1.0,1.0,1.0,0.0,2021-11-25
1.0,1.0,1.0,0.0,2021-11-26
1.0,1.0,1.0,0.0,2021-11-29
1.0,1.0,1.0,0.0,2021-11-30
1.0,1.0,1.0,0.0,2021-12-01
1.0,1.0,1.0,0.0,2021-12-02
1.0,1.0,1.0,0.0,2021-12-03
1.0,1.0,1.0,0.0,2021-12-06
1.0,1.0,1.0,0.0,2021-12-07
1.003,1.003,1.003,0.003,2021-12-08
1.002,1.002,1.002,-0.000997009,2021-12-09
1.002,1.002,1.002,0.0,2021-12-10
1.006,1.006,1.006,0.003992016,2021-12-13
1.007,1.007,1.007,0.0009940358,2021-12-14
1.004,1.004,1.004,-0.002979146,2021-12-15
1.005,1.005,1.005,0.0009960159,2021-12-16
1.002,1.002,1.002,-0.0029850746,2021-12-17
0.997,0.997,0.997,-0.00499002,2021-12-20
1.001,1.001,1.001,0.0040120361,2021-12-21
0.999,0.999,0.999,-0.001998002,2021-12-22
0.996,0.996,0.996,-0.003003003,2021-12-23
0.998,0.998,0.998,0.0020080321,2021-12-24
1.002,1.002,1.002,0.004008016,2021-12-27
1.0,1.0,1.0,-0.001996008,2021-12-28
0.998,0.998,0.998,-0.002,2021-12-29
1.001,1.001,1.001,0.003006012,2021-12-30
1.0,1.0,1.0,-0.000999001,2021-12-31
0.999,0.999,0.999,-0.001,2022-01-04
0.993,0.993,0.993,-0.006006006,2022-01-05
0.995,0.995,0.995,0.0020140987,2022-01-06
0.997,0.997,0.997,0.0020100503,2022-01-07
1.0,1.0,1.0,0.0030090271,2022-01-10
0.997,0.997,0.997,-0.003,2022-01-11
0.997,0.997,0.997,0.0,2022-01-12
0.995,0.995,0.995,-0.0020060181,2022-01-13
0.991,0.991,0.991,-0.0040201005,2022-01-14
0.996,0.996,0.996,0.0050454087,2022-01-17
0.995,0.995,0.995,-0.0010040161,2022-01-18
0.997,0.997,0.997,0.0020100503,2022-01-19
0.995,0.995,0.995,-0.0020060181,2022-01-20
0.994,0.994,0.994,-0.0010050251,2022-01-21
0.992,0.992,0.992,-0.0020120724,2022-01-24
0.984,0.984,0.984,-0.0080645161,2022-01-25
0.984,0.984,0.984,0.0,2022-01-26
0.976,0.976,0.976,-0.0081300813,2022-01-27
0.976,0.976,0.976,0.0,2022-01-28
0.975,0.975,0.975,-0.0010245902,2022-02-07
0.975,0.975,0.975,0.0,2022-02-08
0.98,0.98,0.98,0.0051282051,2022-02-09
0.98,0.98,0.98,0.0,2022-02-10
0.982,0.982,0.982,0.0020408163,2022-02-11
0.978,0.978,0.978,-0.0040733198,2022-02-14
0.977,0.977,0.977,-0.0010224949,2022-02-15
0.982,0.982,0.982,0.0051177073,2022-02-16
0.98,0.98,0.98,-0.0020366599,2022-02-17
0.984,0.984,0.984,0.0040816327,2022-02-18
0.988,0.988,0.988,0.0040650407,2022-02-21
0.983,0.983,0.983,-0.0050607287,2022-02-22
0.985,0.985,0.985,0.002034588,2022-02-23
0.98,0.98,0.98,-0.0050761421,2022-02-24
0.981,0.981,0.981,0.0010204082,2022-02-25
0.98,0.98,0.98,-0.001019368,2022-02-28
0.98,0.98,0.98,0.0,2022-03-01
0.98,0.98,0.98,0.0,2022-03-02
0.979,0.979,0.979,-0.0010204082,2022-03-03
0.977,0.977,0.977,-0.0020429009,2022-03-04
0.974,0.974,0.974,-0.0030706244,2022-03-07
0.972,0.972,0.972,-0.0020533881,2022-03-08
0.971,0.971,0.971,-0.0010288066,2022-03-09
0.971,0.971,0.971,0.0,2022-03-10
0.972,0.972,0.972,0.0010298661,2022-03-11
0.964,0.964,0.964,-0.0082304527,2022-03-14
0.95,0.95,0.95,-0.0145228216,2022-03-15
0.96,0.96,0.96,0.0105263158,2022-03-16
0.964,0.964,0.964,0.0041666667,2022-03-17
0.962,0.962,0.962,-0.0020746888,2022-03-18
0.961,0.961,0.961,-0.001039501,2022-03-21
0.958,0.958,0.958,-0.0031217482,2022-03-22
0.963,0.963,0.963,0.0052192067,2022-03-23
0.95,0.95,0.95,-0.0134994808,2022-03-24
0.942,0.942,0.942,-0.0084210526,2022-03-25
0.944,0.944,0.944,0.0021231423,2022-03-28
0.934,0.934,0.934,-0.0105932203,2022-03-29
0.943,0.943,0.943,0.0096359743,2022-03-30
0.94,0.94,0.94,-0.0031813362,2022-03-31
0.942,0.942,0.942,0.0021276596,2022-04-01
0.938,0.938,0.938,-0.0042462845,2022-04-06
0.93,0.93,0.93,-0.0085287846,2022-04-07
0.924,0.924,0.924,-0.0064516129,2022-04-08
0.906,0.906,0.906,-0.0194805195,2022-04-11
0.916,0.916,0.916,0.0110375276,2022-04-12
0.907,0.907,0.907,-0.0098253275,2022-04-13
0.913,0.913,0.913,0.006615215,2022-04-14
0.91,0.91,0.91,-0.0032858708,2022-04-15
0.914,0.914,0.914,0.0043956044,2022-04-18
0.915,0.915,0.915,0.0010940919,2022-04-19
0.914,0.914,0.914,-0.0010928962,2022-04-20
0.904,0.904,0.904,-0.010940919,2022-04-21
0.899,0.899,0.899,-0.0055309735,2022-04-22
0.88,0.88,0.88,-0.021134594,2022-04-25
0.868,0.868,0.868,-0.0136363636,2022-04-26
0.878,0.878,0.878,0.0115207373,2022-04-27
0.872,0.872,0.872,-0.006833713,2022-04-28
0.883,0.883,0.883,0.0126146789,2022-04-29
0.887,0.887,0.887,0.0045300113,2022-05-05
0.888,0.888,0.888,0.0011273957,2022-05-06
0.892,0.892,0.892,0.0045045045,2022-05-09
0.894,0.894,0.894,0.0022421525,2022-05-10
0.894,0.894,0.894,0.0,2022-05-11
0.895,0.895,0.895,0.0011185682,2022-05-12
0.895,0.895,0.895,0.0,2022-05-13
0.892,0.892,0.892,-0.0033519553,2022-05-16
0.893,0.893,0.893,0.0011210762,2022-05-17
0.892,0.892,0.892,-0.0011198208,2022-05-18
0.893,0.893,0.893,0.0011210762,2022-05-19
0.897,0.897,0.897,0.0044792833,2022-05-20
0.9,0.9,0.9,0.0033444816,2022-05-23
0.883,0.883,0.883,-0.0188888889,2022-05-24
0.889,0.889,0.889,0.006795017,2022-05-25
0.896,0.896,0.896,0.0078740157,2022-05-26
0.896,0.896,0.896,0.0,2022-05-27
0.902,0.902,0.902,0.0066964286,2022-05-30
0.906,0.906,0.906,0.0044345898,2022-05-31
0.905,0.905,0.905,-0.0011037528,2022-06-01
0.909,0.909,0.909,0.0044198895,2022-06-02
0.918,0.918,0.918,0.0099009901,2022-06-06
0.919,0.919,0.919,0.0010893246,2022-06-07
0.923,0.923,0.923,0.0043525571,2022-06-08
0.916,0.916,0.916,-0.0075839653,2022-06-09
0.921,0.921,0.921,0.0054585153,2022-06-10
0.919,0.919,0.919,-0.0021715527,2022-06-13
0.915,0.915,0.915,-0.0043525571,2022-06-14
0.923,0.923,0.923,0.0087431694,2022-06-15
0.923,0.923,0.923,0.0,2022-06-16
0.92,0.92,0.92,-0.0032502709,2022-06-17
0.92,0.92,0.92,0.0,2022-06-20
0.918,0.918,0.918,-0.002173913,2022-06-21
0.912,0.912,0.912,-0.0065359477,2022-06-22
0.915,0.915,0.915,0.0032894737,2022-06-23
0.919,0.919,0.919,0.0043715847,2022-06-24
0.919,0.919,0.919,0.0,2022-06-27
0.92,0.92,0.92,0.0010881393,2022-06-28
0.919,0.919,0.919,-0.0010869565,2022-06-29
0.919,0.919,0.919,0.0,2022-06-30
0.919,0.919,0.919,0.0,2022-07-01
0.918,0.918,0.918,-0.0010881393,2022-07-04
0.919,0.919,0.919,0.0010893246,2022-07-05
0.918,0.918,0.918,-0.0010881393,2022-07-06
0.918,0.918,0.918,0.0,2022-07-07
0.919,0.919,0.919,0.0010893246,2022-07-08
0.917,0.917,0.917,-0.0021762786,2022-07-11
0.917,0.917,0.917,0.0,2022-07-12
0.92,0.92,0.92,0.0032715376,2022-07-13
0.917,0.917,0.917,-0.0032608696,2022-07-14
0.915,0.915,0.915,-0.0021810251,2022-07-15
0.917,0.917,0.917,0.0021857923,2022-07-18
0.917,0.917,0.917,0.0,2022-07-19
0.918,0.918,0.918,0.0010905125,2022-07-20
0.918,0.918,0.918,0.0,2022-07-21
0.917,0.917,0.917,-0.0010893246,2022-07-22
0.914,0.914,0.914,-0.0032715376,2022-07-25
0.914,0.914,0.914,0.0,2022-07-26
0.91,0.91,0.91,-0.0043763676,2022-07-27
0.913,0.913,0.913,0.0032967033,2022-07-28
0.917,0.917,0.917,0.004381161,2022-07-29
0.91,0.91,0.91,-0.0076335878,2022-08-01
0.893,0.893,0.893,-0.0186813187,2022-08-02
0.893,0.893,0.893,0.0,2022-08-03
0.898,0.898,0.898,0.0055991041,2022-08-04
0.896,0.896,0.896,-0.0022271715,2022-08-05
0.9,0.9,0.9,0.0044642857,2022-08-08
0.899,0.899,0.899,-0.0011111111,2022-08-09
0.897,0.897,0.897,-0.0022246941,2022-08-10
0.901,0.901,0.901,0.0044593088,2022-08-11
0.907,0.907,0.907,0.0066592675,2022-08-12
0.915,0.915,0.915,0.0088202867,2022-08-15
0.918,0.918,0.918,0.0032786885,2022-08-16
0.917,0.917,0.917,-0.0010893246,2022-08-17
0.91,0.91,0.91,-0.0076335878,2022-08-18
0.924,0.924,0.924,0.0153846154,2022-08-19
0.924,0.924,0.924,0.0,2022-08-22
0.929,0.929,0.929,0.0054112554,2022-08-23
0.919,0.919,0.919,-0.0107642626,2022-08-24
0.921,0.921,0.921,0.0021762786,2022-08-25
0.923,0.923,0.923,0.0021715527,2022-08-26
0.929,0.929,0.929,0.0065005417,2022-08-29
0.921,0.921,0.921,-0.0086114101,2022-08-30
0.931,0.931,0.931,0.0108577633,2022-08-31
0.939,0.939,0.939,0.0085929108,2022-09-01
0.946,0.946,0.946,0.0074547391,2022-09-02
0.956,0.956,0.956,0.0105708245,2022-09-05
0.963,0.963,0.963,0.0073221757,2022-09-06
0.964,0.964,0.964,0.0010384216,2022-09-07
0.962,0.962,0.962,-0.0020746888,2022-09-08
0.968,0.968,0.968,0.0062370062,2022-09-09
0.964,0.964,0.964,-0.0041322314,2022-09-13
0.963,0.963,0.963,-0.0010373444,2022-09-14
0.964,0.964,0.964,0.0010384216,2022-09-15
0.957,0.957,0.957,-0.0072614108,2022-09-16
0.957,0.957,0.957,0.0,2022-09-19
0.957,0.957,0.957,0.0,2022-09-20
0.958,0.958,0.958,0.0010449321,2022-09-21
0.952,0.952,0.952,-0.006263048,2022-09-22
0.948,0.948,0.948,-0.0042016807,2022-09-23
0.953,0.953,0.953,0.0052742616,2022-09-26
0.96,0.96,0.96,0.0073452256,2022-09-27
0.956,0.956,0.956,-0.0041666667,2022-09-28
0.952,0.952,0.952,-0.0041841004,2022-09-29
0.95,0.95,0.95,-0.0021008403,2022-09-30
0.949,0.949,0.949,-0.0010526316,2022-10-10
0.952,0.952,0.952,0.0031612223,2022-10-11
0.95,0.95,0.95,-0.0021008403,2022-10-12
0.956,0.956,0.956,0.0063157895,2022-10-13
0.958,0.958,0.958,0.0020920502,2022-10-14
0.957,0.957,0.957,-0.0010438413,2022-10-17
0.962,0.962,0.962,0.0052246604,2022-10-18
0.959,0.959,0.959,-0.0031185031,2022-10-19
0.964,0.964,0.964,0.0052137643,2022-10-20
0.968,0.968,0.968,0.0041493776,2022-10-21
0.962,0.962,0.962,-0.0061983471,2022-10-24
0.968,0.968,0.968,0.0062370062,2022-10-25
0.97,0.97,0.97,0.0020661157,2022-10-26
0.958,0.958,0.958,-0.012371134,2022-10-27
0.952,0.952,0.952,-0.006263048,2022-10-28
0.948,0.948,0.948,-0.0042016807,2022-10-31
0.948,0.948,0.948,0.0,2022-11-01
0.948,0.948,0.948,0.0,2022-11-02
0.948,0.948,0.948,0.0,2022-11-03
0.951,0.951,0.951,0.003164557,2022-11-04
0.956,0.956,0.956,0.0052576236,2022-11-07
0.955,0.955,0.955,-0.0010460251,2022-11-08
0.953,0.953,0.953,-0.0020942408,2022-11-09
0.954,0.954,0.954,0.0010493179,2022-11-10
0.982,0.982,0.982,0.0293501048,2022-11-11
0.989,0.989,0.989,0.0071283096,2022-11-14
1.0,1.0,1.0,0.0111223458,2022-11-15
0.992,0.992,0.992,-0.008,2022-11-16
0.992,0.992,0.992,0.0,2022-11-17
0.986,0.986,0.986,-0.0060483871,2022-11-18
0.981,0.981,0.981,-0.0050709939,2022-11-21
1.016,1.016,1.016,0.0356778797,2022-11-22
1.049,1.049,1.049,0.032480315,2022-11-23
1.044,1.044,1.044,-0.0047664442,2022-11-24
1.051,1.051,1.051,0.0067049808,2022-11-25
1.048,1.048,1.048,-0.0028544244,2022-11-28
1.056,1.056,1.056,0.0076335878,2022-11-29
1.055,1.055,1.055,-0.0009469697,2022-11-30
1.057,1.057,1.057,0.0018957346,2022-12-01
1.055,1.055,1.055,-0.0018921476,2022-12-02
1.064,1.064,1.064,0.0085308057,2022-12-05
1.062,1.062,1.062,-0.0018796992,2022-12-06
1.061,1.061,1.061,-0.0009416196,2022-12-07
1.061,1.061,1.061,0.0,2022-12-08
1.059,1.059,1.059,-0.0018850141,2022-12-09
1.058,1.058,1.058,-0.0009442871,2022-12-12
1.059,1.059,1.059,0.0009451796,2022-12-13
1.056,1.056,1.056,-0.0028328612,2022-12-14
1.056,1.056,1.056,0.0,2022-12-15
1.057,1.057,1.057,0.0009469697,2022-12-16
1.053,1.053,1.053,-0.0037842952,2022-12-19
1.053,1.053,1.053,0.0,2022-12-20
1.053,1.053,1.053,0.0,2022-12-21
1.053,1.053,1.053,0.0,2022-12-22
1.054,1.054,1.054,0.0009496676,2022-12-23
1.054,1.054,1.054,0.0,2022-12-26
1.054,1.054,1.054,0.0,2022-12-27
1.061,1.061,1.061,0.0066413662,2022-12-28
1.065,1.065,1.065,0.0037700283,2022-12-29
1.066,1.066,1.066,0.0009389671,2022-12-30
1.074,1.074,1.074,0.0075046904,2023-01-03
1.079,1.079,1.079,0.0046554935,2023-01-04
1.075,1.075,1.075,-0.0037071362,2023-01-05
1.078,1.078,1.078,0.0027906977,2023-01-06
1.074,1.074,1.074,-0.0037105751,2023-01-09
1.072,1.072,1.072,-0.0018621974,2023-01-10
1.065,1.065,1.065,-0.0065298507,2023-01-11
1.064,1.064,1.064,-0.0009389671,2023-01-12
1.062,1.062,1.062,-0.0018796992,2023-01-13
1.066,1.066,1.066,0.0037664783,2023-01-16
1.066,1.066,1.066,0.0,2023-01-17
1.068,1.068,1.068,0.0018761726,2023-01-18
1.067,1.067,1.067,-0.0009363296,2023-01-19
1.071,1.071,1.071,0.0037488285,2023-01-20
1.067,1.067,1.067,-0.0037348273,2023-01-30
1.072,1.072,1.072,0.0046860356,2023-01-31
1.077,1.077,1.077,0.0046641791,2023-02-01
1.08,1.08,1.08,0.0027855153,2023-02-02
1.081,1.081,1.081,0.0009259259,2023-02-03
1.08,1.08,1.08,-0.0009250694,2023-02-06
1.087,1.087,1.087,0.0064814815,2023-02-07
1.087,1.087,1.087,0.0,2023-02-08
1.091,1.091,1.091,0.0036798528,2023-02-09
1.092,1.092,1.092,0.0009165903,2023-02-10
1.09,1.09,1.09,-0.0018315018,2023-02-13
1.093,1.093,1.093,0.0027522936,2023-02-14
1.087,1.087,1.087,-0.0054894785,2023-02-15
1.081,1.081,1.081,-0.0055197792,2023-02-16
1.08,1.08,1.08,-0.0009250694,2023-02-17
1.083,1.083,1.083,0.0027777778,2023-02-20
1.081,1.081,1.081,-0.0018467221,2023-02-21
1.077,1.077,1.077,-0.0037002775,2023-02-22
1.075,1.075,1.075,-0.0018570102,2023-02-23
1.075,1.075,1.075,0.0,2023-02-24
1.075,1.075,1.075,0.0,2023-02-27
1.074,1.074,1.074,-0.0009302326,2023-02-28
1.086,1.086,1.086,0.0111731844,2023-03-01
1.085,1.085,1.085,-0.0009208103,2023-03-02
1.103,1.103,1.103,0.0165898618,2023-03-03
1.107,1.107,1.107,0.0036264733,2023-03-06
1.096,1.096,1.096,-0.009936766,2023-03-07
1.092,1.092,1.092,-0.003649635,2023-03-08
1.088,1.088,1.088,-0.0036630037,2023-03-09
1.076,1.076,1.076,-0.0110294118,2023-03-10
1.075,1.075,1.075,-0.000929368,2023-03-13
1.06,1.06,1.06,-0.0139534884,2023-03-14
1.077,1.077,1.077,0.0160377358,2023-03-15
1.067,1.067,1.067,-0.0092850511,2023-03-16
1.083,1.083,1.083,0.014995314,2023-03-17
1.068,1.068,1.068,-0.0138504155,2023-03-20
1.086,1.086,1.086,0.0168539326,2023-03-21
1.095,1.095,1.095,0.0082872928,2023-03-22
1.099,1.099,1.099,0.003652968,2023-03-23
1.095,1.095,1.095,-0.0036396724,2023-03-24
1.087,1.087,1.087,-0.0073059361,2023-03-27
1.087,1.087,1.087,0.0,2023-03-28
1.074,1.074,1.074,-0.0119595216,2023-03-29
1.079,1.079,1.079,0.0046554935,2023-03-30
1.081,1.081,1.081,0.0018535681,2023-03-31
1.084,1.084,1.084,0.0027752081,2023-04-03
1.08,1.08,1.08,-0.0036900369,2023-04-04
1.081,1.081,1.081,0.0009259259,2023-04-06
1.086,1.086,1.086,0.0046253469,2023-04-07
1.08,1.08,1.08,-0.0055248619,2023-04-10
1.1,1.1,1.1,0.0185185185,2023-04-11
1.103,1.103,1.103,0.0027272727,2023-04-12
1.105,1.105,1.105,0.0018132366,2023-04-13
1.109,1.109,1.109,0.0036199095,2023-04-14
1.117,1.117,1.117,0.007213706,2023-04-17
1.111,1.111,1.111,-0.0053715309,2023-04-18
1.099,1.099,1.099,-0.0108010801,2023-04-19
1.105,1.105,1.105,0.0054595086,2023-04-20
1.088,1.088,1.088,-0.0153846154,2023-04-21
1.087,1.087,1.087,-0.0009191176,2023-04-24
1.082,1.082,1.082,-0.004599816,2023-04-25
1.098,1.098,1.098,0.0147874307,2023-04-26
1.112,1.112,1.112,0.0127504554,2023-04-27
1.113,1.113,1.113,0.0008992806,2023-04-28
1.12,1.12,1.12,0.0062893082,2023-05-04
1.124,1.124,1.124,0.0035714286,2023-05-05
1.153,1.153,1.153,0.0258007117,2023-05-08
1.152,1.152,1.152,-0.0008673027,2023-05-09
1.146,1.146,1.146,-0.0052083333,2023-05-10
1.147,1.147,1.147,0.0008726003,2023-05-11
1.129,1.129,1.129,-0.0156931125,2023-05-12
1.141,1.141,1.141,0.0106288751,2023-05-15
1.131,1.131,1.131,-0.0087642419,2023-05-16
1.135,1.135,1.135,0.0035366932,2023-05-17
1.133,1.133,1.133,-0.0017621145,2023-05-18
1.121,1.121,1.121,-0.0105913504,2023-05-19
1.139,1.139,1.139,0.0160570919,2023-05-22
1.113,1.113,1.113,-0.0228270413,2023-05-23
1.101,1.101,1.101,-0.0107816712,2023-05-24
1.097,1.097,1.097,-0.0036330609,2023-05-25
1.099,1.099,1.099,0.0018231541,2023-05-26
1.12,1.12,1.12,0.0191082803,2023-05-29
1.122,1.122,1.122,0.0017857143,2023-05-30
1.109,1.109,1.109,-0.0115864528,2023-05-31
1.107,1.107,1.107,-0.0018034265,2023-06-01
1.119,1.119,1.119,0.0108401084,2023-06-02
1.112,1.112,1.112,-0.0062555853,2023-06-05
1.098,1.098,1.098,-0.0125899281,2023-06-06
1.094,1.094,1.094,-0.0036429872,2023-06-07
1.107,1.107,1.107,0.0118829982,2023-06-08
1.116,1.116,1.116,0.0081300813,2023-06-09
1.106,1.106,1.106,-0.0089605735,2023-06-12
1.106,1.106,1.106,0.0,2023-06-13
1.106,1.106,1.106,0.0,2023-06-14
1.108,1.108,1.108,0.0018083183,2023-06-15
1.118,1.118,1.118,0.0090252708,2023-06-16
1.117,1.117,1.117,-0.0008944544,2023-06-19
1.119,1.119,1.119,0.0017905103,2023-06-20
1.106,1.106,1.106,-0.0116175156,2023-06-21
1.096,1.096,1.096,-0.0090415913,2023-06-26
1.117,1.117,1.117,0.0191605839,2023-06-27
1.119,1.119,1.119,0.0017905103,2023-06-28
1.113,1.113,1.113,-0.0053619303,2023-06-29
1.124,1.124,1.124,0.0098831986,2023-06-30
1.139,1.139,1.139,0.0133451957,2023-07-03
1.134,1.134,1.134,-0.0043898156,2023-07-04
1.122,1.122,1.122,-0.0105820106,2023-07-05
1.117,1.117,1.117,-0.004456328,2023-07-06
1.117,1.117,1.117,0.0,2023-07-07
1.116,1.116,1.116,-0.0008952551,2023-07-10
1.118,1.118,1.118,0.0017921147,2023-07-11
1.105,1.105,1.105,-0.011627907,2023-07-12
1.114,1.114,1.114,0.0081447964,2023-07-13
1.114,1.114,1.114,0.0,2023-07-14
1.114,1.114,1.114,0.0,2023-07-17
1.108,1.108,1.108,-0.0053859964,2023-07-18
1.11,1.11,1.11,0.0018050542,2023-07-19
1.1,1.1,1.1,-0.009009009,2023-07-20
1.093,1.093,1.093,-0.0063636364,2023-07-21
1.09,1.09,1.09,-0.0027447392,2023-07-24
1.112,1.112,1.112,0.0201834862,2023-07-25
1.107,1.107,1.107,-0.0044964029,2023-07-26
1.11,1.11,1.11,0.0027100271,2023-07-27
1.126,1.126,1.126,0.0144144144,2023-07-28
1.147,1.147,1.147,0.0186500888,2023-07-31
1.14,1.14,1.14,-0.0061028771,2023-08-01
1.134,1.134,1.134,-0.0052631579,2023-08-02
1.14,1.14,1.14,0.0052910053,2023-08-03
1.133,1.133,1.133,-0.0061403509,2023-08-04
1.123,1.123,1.123,-0.0088261253,2023-08-07
1.112,1.112,1.112,-0.0097951915,2023-08-08
1.105,1.105,1.105,-0.006294964,2023-08-09
1.109,1.109,1.109,0.0036199095,2023-08-10
1.092,1.092,1.092,-0.0153291253,2023-08-11
1.09,1.09,1.09,-0.0018315018,2023-08-14
1.088,1.088,1.088,-0.0018348624,2023-08-15
1.084,1.084,1.084,-0.0036764706,2023-08-16
1.08,1.08,1.08,-0.0036900369,2023-08-17
1.07,1.07,1.07,-0.0092592593,2023-08-18
1.046,1.046,1.046,-0.0224299065,2023-08-21
1.058,1.058,1.058,0.0114722753,2023-08-22
1.039,1.039,1.039,-0.0179584121,2023-08-23
1.044,1.044,1.044,0.0048123195,2023-08-24
1.043,1.043,1.043,-0.0009578544,2023-08-25
1.047,1.047,1.047,0.0038350911,2023-08-28
1.062,1.062,1.062,0.0143266476,2023-08-29
1.045,1.045,1.045,-0.016007533,2023-08-30
1.039,1.039,1.039,-0.0057416268,2023-08-31
1.043,1.043,1.043,0.0038498556,2023-09-01
1.057,1.057,1.057,0.0134228188,2023-09-04
1.054,1.054,1.054,-0.0028382214,2023-09-05
1.057,1.057,1.057,0.0028462998,2023-09-06
1.037,1.037,1.037,-0.0189214759,2023-09-07
1.041,1.041,1.041,0.0038572806,2023-09-08
1.049,1.049,1.049,0.0076849183,2023-09-11
1.046,1.046,1.046,-0.0028598665,2023-09-12
1.044,1.044,1.044,-0.0019120459,2023-09-13
1.047,1.047,1.047,0.0028735632,2023-09-14
1.044,1.044,1.044,-0.0028653295,2023-09-15
1.039,1.039,1.039,-0.004789272,2023-09-18
1.037,1.037,1.037,-0.0019249278,2023-09-19
1.031,1.031,1.031,-0.0057859209,2023-09-20
1.024,1.024,1.024,-0.0067895247,2023-09-21
1.036,1.036,1.036,0.01171875,2023-09-22
1.025,1.025,1.025,-0.0106177606,2023-09-25
1.018,1.018,1.018,-0.0068292683,2023-09-26
0.976,0.976,0.976,-0.0412573674,2023-09-27
0.975,0.975,0.975,-0.0010245902,2023-09-28
0.969,0.969,0.969,-0.0061538462,2023-10-09
0.96,0.96,0.96,-0.0092879257,2023-10-10
0.968,0.968,0.968,0.0083333333,2023-10-11
0.971,0.971,0.971,0.0030991736,2023-10-12
0.954,0.954,0.954,-0.017507724,2023-10-13
0.948,0.948,0.948,-0.0062893082,2023-10-16
0.955,0.955,0.955,0.0073839662,2023-10-17
0.935,0.935,0.935,-0.0209424084,2023-10-18
0.925,0.925,0.925,-0.0106951872,2023-10-19
0.923,0.923,0.923,-0.0021621622,2023-10-20
0.912,0.912,0.912,-0.0119176598,2023-10-23
0.908,0.908,0.908,-0.0043859649,2023-10-24
0.913,0.913,0.913,0.0055066079,2023-10-25
0.927,0.927,0.927,0.0153340635,2023-10-26
0.949,0.949,0.949,0.0237324703,2023-10-27
0.952,0.952,0.952,0.0031612223,2023-10-30
0.951,0.951,0.951,-0.0010504202,2023-10-31
0.951,0.951,0.951,0.0,2023-11-01
0.949,0.949,0.949,-0.0021030494,2023-11-02
0.964,0.964,0.964,0.0158061117,2023-11-03
0.972,0.972,0.972,0.0082987552,2023-11-06
0.958,0.958,0.958,-0.0144032922,2023-11-07
0.957,0.957,0.957,-0.0010438413,2023-11-08
0.954,0.954,0.954,-0.0031347962,2023-11-09
0.954,0.954,0.954,0.0,2023-11-10
0.96,0.96,0.96,0.0062893082,2023-11-13
0.967,0.967,0.967,0.0072916667,2023-11-14
0.977,0.977,0.977,0.0103412616,2023-11-15
0.973,0.973,0.973,-0.0040941658,2023-11-16
0.966,0.966,0.966,-0.0071942446,2023-11-17
0.978,0.978,0.978,0.0124223602,2023-11-20
0.971,0.971,0.971,-0.0071574642,2023-11-21
0.961,0.961,0.961,-0.0102986612,2023-11-22
0.978,0.978,0.978,0.0176899063,2023-11-23
0.962,0.962,0.962,-0.0163599182,2023-11-24
0.96,0.96,0.96,-0.0020790021,2023-11-27
0.959,0.959,0.959,-0.0010416667,2023-11-28
0.948,0.948,0.948,-0.0114702815,2023-11-29
0.961,0.961,0.961,0.0137130802,2023-11-30
0.957,0.957,0.957,-0.0041623309,2023-12-01
0.962,0.962,0.962,0.0052246604,2023-12-04
0.948,0.948,0.948,-0.0145530146,2023-12-05
0.954,0.954,0.954,0.0063291139,2023-12-06
0.955,0.955,0.955,0.001048218,2023-12-07
0.954,0.954,0.954,-0.0010471204,2023-12-08
0.958,0.958,0.958,0.0041928721,2023-12-11
0.97,0.97,0.97,0.012526096,2023-12-12
0.963,0.963,0.963,-0.0072164948,2023-12-13
0.966,0.966,0.966,0.0031152648,2023-12-14
0.966,0.966,0.966,0.0,2023-12-15
0.967,0.967,0.967,0.0010351967,2023-12-18
0.962,0.962,0.962,-0.0051706308,2023-12-19
0.964,0.964,0.964,0.0020790021,2023-12-20
0.97,0.97,0.97,0.0062240664,2023-12-21
0.97,0.97,0.97,0.0,2023-12-22
0.965,0.965,0.965,-0.0051546392,2023-12-25
0.963,0.963,0.963,-0.0020725389,2023-12-26
0.973,0.973,0.973,0.010384216,2023-12-27
0.98,0.98,0.98,0.0071942446,2023-12-28
0.988,0.988,0.988,0.0081632653,2023-12-29
0.994,0.994,0.994,0.0060728745,2024-01-02
1.003,1.003,1.003,0.009054326,2024-01-03
0.998,0.998,0.998,-0.0049850449,2024-01-04
0.99,0.99,0.99,-0.0080160321,2024-01-05
0.978,0.978,0.978,-0.0121212121,2024-01-08
0.978,0.978,0.978,0.0,2024-01-09
0.975,0.975,0.975,-0.0030674847,2024-01-10
0.976,0.976,0.976,0.001025641,2024-01-11
0.984,0.984,0.984,0.0081967213,2024-01-12
0.987,0.987,0.987,0.0030487805,2024-01-15
0.983,0.983,0.983,-0.0040526849,2024-01-16
0.953,0.953,0.953,-0.0305188199,2024-01-17
0.95,0.95,0.95,-0.0031479538,2024-01-18
0.94,0.94,0.94,-0.0105263158,2024-01-19
0.909,0.909,0.909,-0.0329787234,2024-01-22
0.925,0.925,0.925,0.0176017602,2024-01-23
0.959,0.959,0.959,0.0367567568,2024-01-24
0.99,0.99,0.99,0.0323253389,2024-01-25
0.994,0.994,0.994,0.004040404,2024-01-26
0.996,0.996,0.996,0.0020120724,2024-01-29
0.982,0.982,0.982,-0.0140562249,2024-01-30
0.97,0.97,0.97,-0.0122199593,2024-01-31
0.957,0.957,0.957,-0.0134020619,2024-02-01
0.957,0.957,0.957,0.0,2024-02-02
0.936,0.936,0.936,-0.0219435737,2024-02-05
0.963,0.963,0.963,0.0288461538,2024-02-06
0.979,0.979,0.979,0.0166147456,2024-02-07
0.983,0.983,0.983,0.0040858018,2024-02-08
1.005,1.005,1.005,0.022380468,2024-02-19
1.013,1.013,1.013,0.007960199,2024-02-20
1.02,1.02,1.02,0.0069101678,2024-02-21
1.045,1.045,1.045,0.0245098039,2024-02-22
1.045,1.045,1.045,0.0,2024-02-23
1.036,1.036,1.036,-0.0086124402,2024-02-26
1.045,1.045,1.045,0.0086872587,2024-02-27
1.039,1.039,1.039,-0.0057416268,2024-02-28
1.056,1.056,1.056,0.0163618864,2024-02-29
1.053,1.053,1.053,-0.0028409091,2024-03-01
1.068,1.068,1.068,0.0142450142,2024-03-04
1.069,1.069,1.069,0.0009363296,2024-03-05
1.078,1.078,1.078,0.0084190833,2024-03-06
1.075,1.075,1.075,-0.0027829314,2024-03-07
1.091,1.091,1.091,0.0148837209,2024-03-08
1.089,1.089,1.089,-0.0018331806,2024-03-11
1.065,1.065,1.065,-0.0220385675,2024-03-12
1.069,1.069,1.069,0.0037558685,2024-03-13
1.074,1.074,1.074,0.0046772685,2024-03-14
1.079,1.079,1.079,0.0046554935,2024-03-15
1.09,1.09,1.09,0.0101946247,2024-03-18
1.077,1.077,1.077,-0.0119266055,2024-03-19
1.069,1.069,1.069,-0.0074280409,2024-03-20
1.069,1.069,1.069,0.0,2024-03-21
1.058,1.058,1.058,-0.0102899906,2024-03-22
1.057,1.057,1.057,-0.0009451796,2024-03-25
1.057,1.057,1.057,0.0,2024-03-26
1.046,1.046,1.046,-0.0104068117,2024-03-27
1.057,1.057,1.057,0.0105162524,2024-03-28
1.075,1.075,1.075,0.0170293283,2024-03-29
1.079,1.079,1.079,0.0037209302,2024-04-01
1.09,1.09,1.09,0.0101946247,2024-04-02
1.095,1.095,1.095,0.004587156,2024-04-03
1.113,1.113,1.113,0.0164383562,2024-04-08
1.109,1.109,1.109,-0.0035938904,2024-04-09
1.121,1.121,1.121,0.0108205591,2024-04-10
1.136,1.136,1.136,0.0133809099,2024-04-11
1.126,1.126,1.126,-0.0088028169,2024-04-12
1.144,1.144,1.144,0.0159857904,2024-04-15
1.115,1.115,1.115,-0.0253496503,2024-04-16
1.135,1.135,1.135,0.0179372197,2024-04-17
1.123,1.123,1.123,-0.0105726872,2024-04-18
1.127,1.127,1.127,0.0035618878,2024-04-19
1.119,1.119,1.119,-0.0070984916,2024-04-22
1.108,1.108,1.108,-0.0098302055,2024-04-23
1.128,1.128,1.128,0.0180505415,2024-04-24
1.137,1.137,1.137,0.0079787234,2024-04-25
1.14,1.14,1.14,0.0026385224,2024-04-26
1.134,1.134,1.134,-0.0052631579,2024-04-29
1.136,1.136,1.136,0.0017636684,2024-04-30
1.161,1.161,1.161,0.0220070423,2024-05-06
1.16,1.16,1.16,-0.0008613264,2024-05-07
1.144,1.144,1.144,-0.0137931034,2024-05-08
1.177,1.177,1.177,0.0288461538,2024-05-09
1.212,1.212,1.212,0.0297366185,2024-05-10
1.236,1.236,1.236,0.0198019802,2024-05-13
1.233,1.233,1.233,-0.0024271845,2024-05-14
1.222,1.222,1.222,-0.0089213301,2024-05-15
1.22,1.22,1.22,-0.0016366612,2024-05-16
1.244,1.244,1.244,0.0196721311,2024-05-17
1.258,1.258,1.258,0.0112540193,2024-05-20
1.232,1.232,1.232,-0.0206677266,2024-05-21
1.239,1.239,1.239,0.0056818182,2024-05-22
1.21,1.21,1.21,-0.0234059726,2024-05-23
1.221,1.221,1.221,0.0090909091,2024-05-24
1.245,1.245,1.245,0.0196560197,2024-05-27
1.235,1.235,1.235,-0.0080321285,2024-05-28
1.219,1.219,1.219,-0.0129554656,2024-05-29
1.222,1.222,1.222,0.0024610336,2024-05-30
1.207,1.207,1.207,-0.0122749591,2024-05-31
1.222,1.222,1.222,0.0124275062,2024-06-03
1.246,1.246,1.246,0.0196399345,2024-06-04
1.229,1.229,1.229,-0.0136436597,2024-06-05
1.247,1.247,1.247,0.0146460537,2024-06-06
1.271,1.271,1.271,0.0192461909,2024-06-07
1.231,1.231,1.231,-0.0314712825,2024-06-11
1.238,1.238,1.238,0.0056864338,2024-06-12
1.244,1.244,1.244,0.0048465267,2024-06-13
1.238,1.238,1.238,-0.0048231511,2024-06-14
1.213,1.213,1.213,-0.0201938611,2024-06-17
1.227,1.227,1.227,0.0115416323,2024-06-18
1.233,1.233,1.233,0.0048899756,2024-06-19
1.232,1.232,1.232,-0.00081103,2024-06-20
1.216,1.216,1.216,-0.012987013,2024-06-21
1.211,1.211,1.211,-0.0041118421,2024-06-24
1.212,1.212,1.212,0.0008257638,2024-06-25
1.207,1.207,1.207,-0.0041254125,2024-06-26
1.187,1.187,1.187,-0.0165700083,2024-06-27
1.22,1.22,1.22,0.0278011794,2024-06-28
1.223,1.223,1.223,0.0024590164,2024-07-01
1.244,1.244,1.244,0.0171708913,2024-07-02
1.251,1.251,1.251,0.0056270096,2024-07-03
1.249,1.249,1.249,-0.001598721,2024-07-04
1.239,1.239,1.239,-0.0080064051,2024-07-05
1.228,1.228,1.228,-0.0088781275,2024-07-08
1.235,1.235,1.235,0.0057003257,2024-07-09
1.232,1.232,1.232,-0.0024291498,2024-07-10
1.251,1.251,1.251,0.0154220779,2024-07-11
1.257,1.257,1.257,0.0047961631,2024-07-12
1.251,1.251,1.251,-0.0047732697,2024-07-15
1.246,1.246,1.246,-0.0039968026,2024-07-16
1.231,1.231,1.231,-0.0120385233,2024-07-17
1.251,1.251,1.251,0.0162469537,2024-07-18
1.239,1.239,1.239,-0.0095923261,2024-07-19
1.242,1.242,1.242,0.0024213075,2024-07-22
1.213,1.213,1.213,-0.0233494364,2024-07-23
1.223,1.223,1.223,0.0082440231,2024-07-24
1.197,1.197,1.197,-0.0212591987,2024-07-25
1.208,1.208,1.208,0.0091896408,2024-07-26
1.228,1.228,1.228,0.0165562914,2024-07-29
1.215,1.215,1.215,-0.0105863192,2024-07-30
1.228,1.228,1.228,0.0106995885,2024-07-31
1.22,1.22,1.22,-0.006514658,2024-08-01
1.203,1.203,1.203,-0.0139344262,2024-08-02
1.167,1.167,1.167,-0.029925187,2024-08-05
1.169,1.169,1.169,0.0017137961,2024-08-06
1.185,1.185,1.185,0.0136869119,2024-08-07
1.183,1.183,1.183,-0.0016877637,2024-08-08
1.178,1.178,1.178,-0.0042265427,2024-08-09
1.175,1.175,1.175,-0.0025466893,2024-08-12
1.185,1.185,1.185,0.0085106383,2024-08-13
1.176,1.176,1.176,-0.0075949367,2024-08-14
1.185,1.185,1.185,0.0076530612,2024-08-15
1.186,1.186,1.186,0.0008438819,2024-08-16
1.198,1.198,1.198,0.0101180438,2024-08-19
1.177,1.177,1.177,-0.0175292154,2024-08-20
1.167,1.167,1.167,-0.0084961767,2024-08-21
1.165,1.165,1.165,-0.0017137961,2024-08-22
1.164,1.164,1.164,-0.0008583691,2024-08-23
1.165,1.165,1.165,0.0008591065,2024-08-26
1.167,1.167,1.167,0.0017167382,2024-08-27
1.179,1.179,1.179,0.0102827763,2024-08-28
1.176,1.176,1.176,-0.0025445293,2024-08-29
1.186,1.186,1.186,0.0085034014,2024-08-30
1.162,1.162,1.162,-0.0202360877,2024-09-02
1.165,1.165,1.165,0.0025817556,2024-09-03
1.154,1.154,1.154,-0.0094420601,2024-09-04
1.154,1.154,1.154,0.0,2024-09-05
1.155,1.155,1.155,0.0008665511,2024-09-06
1.121,1.121,1.121,-0.0294372294,2024-09-09
1.117,1.117,1.117,-0.0035682426,2024-09-10
1.104,1.104,1.104,-0.0116383169,2024-09-11
1.108,1.108,1.108,0.0036231884,2024-09-12
1.11,1.11,1.11,0.0018050542,2024-09-13
1.111,1.111,1.111,0.0009009009,2024-09-18
1.125,1.125,1.125,0.0126012601,2024-09-19
1.113,1.113,1.113,-0.0106666667,2024-09-20
1.124,1.124,1.124,0.0098831986,2024-09-23
1.182,1.182,1.182,0.0516014235,2024-09-24
1.201,1.201,1.201,0.0160744501,2024-09-25
1.255,1.255,1.255,0.0449625312,2024-09-26
1.328,1.328,1.328,0.0581673307,2024-09-27
1.423,1.423,1.423,0.0715361446,2024-09-30
1.46,1.46,1.46,0.0260014055,2024-10-08
1.394,1.394,1.394,-0.0452054795,2024-10-09
1.474,1.474,1.474,0.0573888092,2024-10-10
1.46,1.46,1.46,-0.0094979647,2024-10-11
1.442,1.442,1.442,-0.0123287671,2024-10-14
1.391,1.391,1.391,-0.0353675451,2024-10-15
1.41,1.41,1.41,0.013659238,2024-10-16
1.378,1.378,1.378,-0.0226950355,2024-10-17
1.427,1.427,1.427,0.0355587808,2024-10-18
1.418,1.418,1.418,-0.0063069376,2024-10-21
1.436,1.436,1.436,0.0126939351,2024-10-22
1.455,1.455,1.455,0.0132311978,2024-10-23
1.439,1.439,1.439,-0.0109965636,2024-10-24
1.442,1.442,1.442,0.0020847811,2024-10-25
1.455,1.455,1.455,0.0090152566,2024-10-28
1.44,1.44,1.44,-0.0103092784,2024-10-29
1.424,1.424,1.424,-0.0111111111,2024-10-30
1.419,1.419,1.419,-0.003511236,2024-10-31
1.423,1.423,1.423,0.0028188865,2024-11-01
1.432,1.432,1.432,0.0063246662,2024-11-04
1.455,1.455,1.455,0.0160614525,2024-11-05
1.435,1.435,1.435,-0.0137457045,2024-11-06
1.483,1.483,1.483,0.0334494774,2024-11-07
1.459,1.459,1.459,-0.016183412,2024-11-08
1.451,1.451,1.451,-0.0054832077,2024-11-11
1.414,1.414,1.414,-0.0254996554,2024-11-12
1.427,1.427,1.427,0.0091937765,2024-11-13
1.391,1.391,1.391,-0.0252277505,2024-11-14
1.393,1.393,1.393,0.0014378145,2024-11-15
1.402,1.402,1.402,0.0064608758,2024-11-18
1.399,1.399,1.399,-0.0021398003,2024-11-19
1.401,1.401,1.401,0.0014295926,2024-11-20
1.399,1.399,1.399,-0.0014275517,2024-11-21
1.36,1.36,1.36,-0.027877055,2024-11-22
1.356,1.356,1.356,-0.0029411765,2024-11-25
1.349,1.349,1.349,-0.0051622419,2024-11-26
1.378,1.378,1.378,0.0214974055,2024-11-27
1.366,1.366,1.366,-0.0087082729,2024-11-28
1.368,1.368,1.368,0.0014641288,2024-11-29
1.376,1.376,1.376,0.0058479532,2024-12-02
1.386,1.386,1.386,0.0072674419,2024-12-03
1.385,1.385,1.385,-0.0007215007,2024-12-04
1.382,1.382,1.382,-0.002166065,2024-12-05
1.403,1.403,1.403,0.015195369,2024-12-06
1.437,1.437,1.437,0.0242337847,2024-12-09
1.422,1.422,1.422,-0.0104384134,2024-12-10
1.419,1.419,1.419,-0.0021097046,2024-12-11
1.433,1.433,1.433,0.0098661029,2024-12-12
1.407,1.407,1.407,-0.0181437544,2024-12-13
1.405,1.405,1.405,-0.0014214641,2024-12-16
1.404,1.404,1.404,-0.0007117438,2024-12-17
1.422,1.422,1.422,0.0128205128,2024-12-18
1.417,1.417,1.417,-0.0035161744,2024-12-19
1.399,1.399,1.399,-0.0127028934,2024-12-20
1.411,1.411,1.411,0.0085775554,2024-12-23
1.417,1.417,1.417,0.0042523033,2024-12-24
1.416,1.416,1.416,-0.0007057163,2024-12-25
1.415,1.415,1.415,-0.0007062147,2024-12-26
1.417,1.417,1.417,0.0014134276,2024-12-27
1.417,1.417,1.417,0.0,2024-12-30
1.411,1.411,1.411,-0.0042342978,2024-12-31
1.369,1.369,1.369,-0.0297661233,2025-01-02
1.352,1.352,1.352,-0.0124178232,2025-01-03
1.347,1.347,1.347,-0.0036982249,2025-01-06
1.347,1.347,1.347,0.0,2025-01-07
1.336,1.336,1.336,-0.0081662955,2025-01-08
1.328,1.328,1.328,-0.005988024,2025-01-09
1.302,1.302,1.302,-0.0195783133,2025-01-10
1.292,1.292,1.292,-0.0076804916,2025-01-13
1.332,1.332,1.332,0.0309597523,2025-01-14
1.326,1.326,1.326,-0.0045045045,2025-01-15
1.331,1.331,1.331,0.0037707391,2025-01-16
1.332,1.332,1.332,0.0007513148,2025-01-17
1.339,1.339,1.339,0.0052552553,2025-01-20
1.336,1.336,1.336,-0.002240478,2025-01-21
1.317,1.317,1.317,-0.0142215569,2025-01-22
1.318,1.318,1.318,0.0007593014,2025-01-23
1.335,1.335,1.335,0.0128983308,2025-01-24
1.342,1.342,1.342,0.0052434457,2025-01-27
1.335,1.335,1.335,-0.0052160954,2025-02-05
1.346,1.346,1.346,0.0082397004,2025-02-06
1.358,1.358,1.358,0.0089153046,2025-02-07
1.355,1.355,1.355,-0.0022091311,2025-02-10
1.344,1.344,1.344,-0.0081180812,2025-02-11
1.361,1.361,1.361,0.0126488095,2025-02-12
1.346,1.346,1.346,-0.0110213079,2025-02-13
1.372,1.372,1.372,0.0193164933,2025-02-14
1.389,1.389,1.389,0.0123906706,2025-02-17
1.385,1.385,1.385,-0.0028797696,2025-02-18
1.387,1.387,1.387,0.0014440433,2025-02-19
1.382,1.382,1.382,-0.0036049027,2025-02-20
1.394,1.394,1.394,0.008683068,2025-02-21
1.407,1.407,1.407,0.0093256815,2025-02-24
1.378,1.378,1.378,-0.0206112296,2025-02-25
1.408,1.408,1.408,0.0217706821,2025-02-26
1.416,1.416,1.416,0.0056818182,2025-02-27
1.382,1.382,1.382,-0.0240112994,2025-02-28
1.384,1.384,1.384,0.001447178,2025-03-03
1.389,1.389,1.389,0.0036127168,2025-03-04
1.394,1.394,1.394,0.003599712,2025-03-05
1.406,1.406,1.406,0.0086083214,2025-03-06
1.412,1.412,1.412,0.0042674253,2025-03-07
1.408,1.408,1.408,-0.0028328612,2025-03-10
1.425,1.425,1.425,0.0120738636,2025-03-11
1.42,1.42,1.42,-0.0035087719,2025-03-12
1.423,1.423,1.423,0.0021126761,2025-03-13
1.448,1.448,1.448,0.0175685172,2025-03-14
1.472,1.472,1.472,0.0165745856,2025-03-17
1.483,1.483,1.483,0.0074728261,2025-03-18
1.492,1.492,1.492,0.0060687795,2025-03-19
1.48,1.48,1.48,-0.0080428954,2025-03-20
1.465,1.465,1.465,-0.0101351351,2025-03-21
1.473,1.473,1.473,0.0054607509,2025-03-24
1.448,1.448,1.448,-0.0169721656,2025-03-25
1.447,1.447,1.447,-0.0006906077,2025-03-26
1.44,1.44,1.44,-0.004837595,2025-03-27
1.426,1.426,1.426,-0.0097222222,2025-03-28
1.418,1.418,1.418,-0.0056100982,2025-03-31
1.432,1.432,1.432,0.0098730606,2025-04-01
1.442,1.442,1.442,0.0069832402,2025-04-02
1.441,1.441,1.441,-0.0006934813,2025-04-03
1.292,1.292,1.292,-0.1034004164,2025-04-07
1.321,1.321,1.321,0.0224458204,2025-04-08
1.35,1.35,1.35,0.0219530659,2025-04-09
1.366,1.366,1.366,0.0118518519,2025-04-10
1.364,1.364,1.364,-0.0014641288,2025-04-11
1.377,1.377,1.377,0.0095307918,2025-04-14
1.382,1.382,1.382,0.0036310821,2025-04-15
1.369,1.369,1.369,-0.009406657,2025-04-16
1.384,1.384,1.384,0.0109569028,2025-04-17
1.382,1.382,1.382,-0.0014450867,2025-04-18
1.383,1.383,1.383,0.000723589,2025-04-21
1.4,1.4,1.4,0.0122921186,2025-04-22
1.422,1.422,1.422,0.0157142857,2025-04-23
1.415,1.415,1.415,-0.0049226442,2025-04-24
1.426,1.426,1.426,0.0077738516,2025-04-25
1.431,1.431,1.431,0.0035063114,2025-04-28
1.428,1.428,1.428,-0.0020964361,2025-04-29
1.431,1.431,1.431,0.0021008403,2025-04-30
1.445,1.445,1.445,0.0097833683,2025-05-06
1.449,1.449,1.449,0.0027681661,2025-05-07
1.452,1.452,1.452,0.0020703934,2025-05-08
1.452,1.452,1.452,0.0,2025-05-09
1.495,1.495,1.495,0.0296143251,2025-05-12
1.468,1.468,1.468,-0.0180602007,2025-05-13
1.486,1.486,1.486,0.0122615804,2025-05-14
1.474,1.474,1.474,-0.0080753701,2025-05-15
1.464,1.464,1.464,-0.0067842605,2025-05-16
1.467,1.467,1.467,0.0020491803,2025-05-19
1.477,1.477,1.477,0.0068166326,2025-05-20
1.486,1.486,1.486,0.0060934326,2025-05-21
1.461,1.461,1.461,-0.0168236878,2025-05-22
1.454,1.454,1.454,-0.0047912389,2025-05-23
1.465,1.465,1.465,0.007565337,2025-05-26
1.469,1.469,1.469,0.0027303754,2025-05-27
1.471,1.471,1.471,0.0013614704,2025-05-28
1.472,1.472,1.472,0.0006798097,2025-05-29
1.465,1.465,1.465,-0.0047554348,2025-05-30
1.47,1.47,1.47,0.0034129693,2025-06-03
1.479,1.479,1.479,0.006122449,2025-06-04
1.481,1.481,1.481,0.001352265,2025-06-05
1.49,1.49,1.49,0.006076975,2025-06-06
1.505,1.505,1.505,0.0100671141,2025-06-09
1.519,1.519,1.519,0.0093023256,2025-06-10
1.538,1.538,1.538,0.0125082291,2025-06-11
1.532,1.532,1.532,-0.0039011704,2025-06-12
1.543,1.543,1.543,0.0071801567,2025-06-13
1.555,1.555,1.555,0.0077770577,2025-06-16
1.563,1.563,1.563,0.0051446945,2025-06-17
1.557,1.557,1.557,-0.0038387716,2025-06-18
1.514,1.514,1.514,-0.0276172126,2025-06-19
1.529,1.529,1.529,0.0099075297,2025-06-20
1.54,1.54,1.54,0.0071942446,2025-06-23
1.561,1.561,1.561,0.0136363636,2025-06-24
1.583,1.583,1.583,0.0140935298,2025-06-25
1.579,1.579,1.579,-0.0025268478,2025-06-26
1.55,1.55,1.55,-0.0183660545,2025-06-27
1.559,1.559,1.559,0.0058064516,2025-06-30
1.566,1.566,1.566,0.0044900577,2025-07-01
1.577,1.577,1.577,0.0070242656,2025-07-02
1.578,1.578,1.578,0.0006341154,2025-07-03
1.58,1.58,1.58,0.0012674271,2025-07-04
1.602,1.602,1.602,0.0139240506,2025-07-07
1.606,1.606,1.606,0.0024968789,2025-07-08
1.59,1.59,1.59,-0.0099626401,2025-07-09
1.603,1.603,1.603,0.0081761006,2025-07-10
1.617,1.617,1.617,0.0087336245,2025-07-11
1.629,1.629,1.629,0.0074211503,2025-07-14
1.617,1.617,1.617,-0.0073664825,2025-07-15
1.61,1.61,1.61,-0.0043290043,2025-07-16
1.606,1.606,1.606,-0.002484472,2025-07-17
1.628,1.628,1.628,0.0136986301,2025-07-18
1.65,1.65,1.65,0.0135135135,2025-07-21
1.679,1.679,1.679,0.0175757576,2025-07-22
1.672,1.672,1.672,-0.0041691483,2025-07-23
1.688,1.688,1.688,0.009569378,2025-07-24
1.684,1.684,1.684,-0.0023696682,2025-07-25
1.686,1.686,1.686,0.0011876485,2025-07-28
1.689,1.689,1.689,0.0017793594,2025-07-29
1.707,1.707,1.707,0.0106571936,2025-07-30
1.674,1.674,1.674,-0.0193321617,2025-07-31
1.667,1.667,1.667,-0.004181601,2025-08-01
1.679,1.679,1.679,0.0071985603,2025-08-04
1.698,1.698,1.698,0.0113162597,2025-08-05
1.718,1.718,1.718,0.011778563,2025-08-06
1.735,1.735,1.735,0.009895227,2025-08-07
1.724,1.724,1.724,-0.0063400576,2025-08-08
1.718,1.718,1.718,-0.0034802784,2025-08-11
1.72,1.72,1.72,0.0011641444,2025-08-12
1.744,1.744,1.744,0.0139534884,2025-08-13
1.735,1.735,1.735,-0.0051605505,2025-08-14
1.749,1.749,1.749,0.0080691643,2025-08-15
1.784,1.784,1.784,0.0200114351,2025-08-18
1.777,1.777,1.777,-0.0039237668,2025-08-19
1.779,1.779,1.779,0.0011254924,2025-08-20
1.769,1.769,1.769,-0.0056211355,2025-08-21
1.771,1.771,1.771,0.0011305822,2025-08-22
1.801,1.801,1.801,0.0169395822,2025-08-25
1.79,1.79,1.79,-0.0061077179,2025-08-26
1.749,1.749,1.749,-0.0229050279,2025-08-27
1.747,1.747,1.747,-0.0011435106,2025-08-28
1.713,1.713,1.713,-0.0194619347,2025-08-29
1.735,1.735,1.735,0.0128429656,2025-09-01
1.723,1.723,1.723,-0.0069164265,2025-09-02
1.709,1.709,1.709,-0.0081253627,2025-09-03
1.711,1.711,1.711,0.001170275,2025-09-04
1.743,1.743,1.743,0.0187025132,2025-09-05
1.758,1.758,1.758,0.008605852,2025-09-08
1.764,1.764,1.764,0.0034129693,2025-09-09
1.77,1.77,1.77,0.0034013605,2025-09-10
1.774,1.774,1.774,0.002259887,2025-09-11
1.783,1.783,1.783,0.0050732807,2025-09-12
1.78,1.78,1.78,-0.0016825575,2025-09-15
1.764,1.764,1.764,-0.008988764,2025-09-16
1.787,1.787,1.787,0.0130385488,2025-09-17
1.756,1.756,1.756,-0.0173475098,2025-09-18
1.754,1.754,1.754,-0.0011389522,2025-09-19
1.734,1.734,1.734,-0.0114025086,2025-09-22
1.722,1.722,1.722,-0.0069204152,2025-09-23
1.733,1.733,1.733,0.006387921,2025-09-24
1.718,1.718,1.718,-0.0086555107,2025-09-25
1.711,1.711,1.711,-0.0040745052,2025-09-26
1.743,1.743,1.743,0.0187025132,2025-09-29
1.755,1.755,1.755,0.0068846816,2025-09-30
1.777,1.777,1.777,0.0125356125,2025-10-09
1.757,1.757,1.757,-0.011254924,2025-10-10
1.747,1.747,1.747,-0.0056915196,2025-10-13
1.729,1.729,1.729,-0.0103033772,2025-10-14
1.761,1.761,1.761,0.018507808,2025-10-15
1.765,1.765,1.765,0.0022714367,2025-10-16
1.729,1.729,1.729,-0.0203966006,2025-10-17
1.751,1.751,1.751,0.012724118,2025-10-20
1.766,1.766,1.766,0.0085665334,2025-10-21
1.756,1.756,1.756,-0.0056625142,2025-10-22
1.761,1.761,1.761,0.0028473804,2025-10-23
1.76,1.76,1.76,-0.0005678592,2025-10-24
1.792,1.792,1.792,0.0181818182,2025-10-27
1.782,1.782,1.782,-0.0055803571,2025-10-28
1.786,1.786,1.786,0.0022446689,2025-10-29
1.806,1.806,1.806,0.0111982083,2025-10-30
1.776,1.776,1.776,-0.0166112957,2025-10-31
1.789,1.789,1.789,0.0073198198,2025-11-03
1.786,1.786,1.786,-0.0016769145,2025-11-04
1.791,1.791,1.791,0.0027995521,2025-11-05
1.806,1.806,1.806,0.0083752094,2025-11-06
1.795,1.795,1.795,-0.0060908084,2025-11-07
1.806,1.806,1.806,0.0061281337,2025-11-10
1.807,1.807,1.807,0.0005537099,2025-11-11
1.808,1.808,1.808,0.0005534034,2025-11-12
1.801,1.801,1.801,-0.0038716814,2025-11-13
1.781,1.781,1.781,-0.0111049417,2025-11-14
1.778,1.778,1.778,-0.0016844469,2025-11-17
1.762,1.762,1.762,-0.0089988751,2025-11-18
1.767,1.767,1.767,0.0028376844,2025-11-19
1.767,1.767,1.767,0.0,2025-11-20
1.74,1.74,1.74,-0.0152801358,2025-11-21
1.755,1.755,1.755,0.0086206897,2025-11-24
1.76,1.76,1.76,0.0028490028,2025-11-25
1.755,1.755,1.755,-0.0028409091,2025-11-26
1.757,1.757,1.757,0.0011396011,2025-11-27
1.756,1.756,1.756,-0.000569152,2025-11-28
1.768,1.768,1.768,0.006833713,2025-12-01
1.77,1.77,1.77,0.0011312217,2025-12-02
1.765,1.765,1.765,-0.0028248588,2025-12-03
1.76,1.76,1.76,-0.0028328612,2025-12-04
1.758,1.758,1.758,-0.0011363636,2025-12-05
1.75,1.75,1.75,-0.0045506257,2025-12-08
1.738,1.738,1.738,-0.0068571429,2025-12-09
1.741,1.741,1.741,0.001726122,2025-12-10
1.733,1.733,1.733,-0.0045950603,2025-12-11
1.745,1.745,1.745,0.0069244085,2025-12-12
1.736,1.736,1.736,-0.0051575931,2025-12-15
1.724,1.724,1.724,-0.0069124424,2025-12-16
1.738,1.738,1.738,0.0081206497,2025-12-17
1.75,1.75,1.75,0.0069044879,2025-12-18
1.751,1.751,1.751,0.0005714286,2025-12-19
1.747,1.747,1.747,-0.0022844089,2025-12-22
1.742,1.742,1.742,-0.0028620492,2025-12-23
1.741,1.741,1.741,-0.0005740528,2025-12-24
1.744,1.744,1.744,0.0017231476,2025-12-25
1.74,1.74,1.74,-0.002293578,2025-12-26
1.716,1.716,1.716,-0.0137931034,2025-12-29
1.706,1.706,1.706,-0.0058275058,2025-12-30
1.704,1.704,1.704,-0.0011723329,2025-12-31
1.73,1.73,1.73,0.015258216,2026-01-05
1.747,1.747,1.747,0.0098265896,2026-01-06
1.737,1.737,1.737,-0.0057240985,2026-01-07
1.743,1.743,1.743,0.0034542314,2026-01-08
1.739,1.739,1.739,-0.0022948939,2026-01-09
1.746,1.746,1.746,0.0040253019,2026-01-12
1.744,1.744,1.744,-0.0011454754,2026-01-13
1.75,1.75,1.75,0.003440367,2026-01-14
1.754,1.754,1.754,0.0022857143,2026-01-15
1.74,1.74,1.74,-0.007981756,2026-01-16
1.752,1.752,1.752,0.0068965517,2026-01-19
1.765,1.765,1.765,0.0074200913,2026-01-20
1.767,1.767,1.767,0.0011331445,2026-01-21
1.779,1.779,1.779,0.0067911715,2026-01-22
1.768,1.768,1.768,-0.006183249,2026-01-23
1.768,1.768,1.768,0.0,2026-01-26
1.761,1.761,1.761,-0.003959276,2026-01-27
1.761,1.761,1.761,0.0,2026-01-28
1.76,1.76,1.76,-0.0005678592,2026-01-29
1.747,1.747,1.747,-0.0073863636,2026-01-30
1.712,1.712,1.712,-0.0200343446,2026-02-02
1.731,1.731,1.731,0.0110981308,2026-02-03
1.745,1.745,1.745,0.0080878105,2026-02-04
1.745,1.745,1.745,0.0,2026-02-05
1.731,1.731,1.731,-0.0080229226,2026-02-06
1.74,1.74,1.74,0.0051993068,2026-02-09
1.752,1.752,1.752,0.0068965517,2026-02-10
1.761,1.761,1.761,0.0051369863,2026-02-11
1.763,1.763,1.763,0.0011357183,2026-02-12
1.75,1.75,1.75,-0.0073737947,2026-02-13
1.758,1.758,1.758,0.0045714286,2026-02-24
1.766,1.766,1.766,0.0045506257,2026-02-25
1.767,1.767,1.767,0.0005662514,2026-02-26
1.769,1.769,1.769,0.0011318619,2026-02-27
1.765,1.765,1.765,-0.0022611645,2026-03-02
1.758,1.758,1.758,-0.0039660057,2026-03-03
1.749,1.749,1.749,-0.0051194539,2026-03-04
1.759,1.759,1.759,0.0057175529,2026-03-05
1.779,1.779,1.779,0.0113700966,2026-03-06
1.749,1.749,1.749,-0.0168634064,2026-03-09
1.751,1.751,1.751,0.0011435106,2026-03-10
1.752,1.752,1.752,0.0005711022,2026-03-11
1.744,1.744,1.744,-0.00456621,2026-03-12
1.717,1.717,1.717,-0.0154816514,2026-03-13
1.721,1.721,1.721,0.0023296447,2026-03-16
1.709,1.709,1.709,-0.0069726903,2026-03-17
1.702,1.702,1.702,-0.0040959626,2026-03-18
1.659,1.659,1.659,-0.0252643948,2026-03-19
1.642,1.642,1.642,-0.0102471368,2026-03-20
1.58,1.58,1.58,-0.0377588307,2026-03-23
1.624,1.624,1.624,0.0278481013,2026-03-24
1.659,1.659,1.659,0.0215517241,2026-03-25
1.63,1.63,1.63,-0.0174804099,2026-03-26
1.624,1.624,1.624,-0.0036809816,2026-03-27
1.605,1.605,1.605,-0.0116995074,2026-03-30
1.588,1.588,1.588,-0.0105919003,2026-03-31
1.62,1.62,1.62,0.0201511335,2026-04-01
1.614,1.614,1.614,-0.0037037037,2026-04-02
1.609,1.609,1.609,-0.0030978934,2026-04-03
1.609,1.609,1.609,0.0,2026-04-07
1.649,1.649,1.649,0.0248601616,2026-04-08
1.629,1.629,1.629,-0.0121285628,2026-04-09
1.65,1.65,1.65,0.0128913444,2026-04-10
1.638,1.638,1.638,-0.0072727273,2026-04-13
1.641,1.641,1.641,0.0018315018,2026-04-14
1.651,1.651,1.651,0.0060938452,2026-04-15
1.67,1.67,1.67,0.0115081769,2026-04-16
1.656,1.656,1.656,-0.0083832335,2026-04-17
1.68,1.68,1.68,0.0144927536,2026-04-20
1.691,1.691,1.691,0.006547619,2026-04-21
1.686,1.686,1.686,-0.0029568303,2026-04-22
1.684,1.684,1.684,-0.0011862396,2026-04-23
1.681,1.681,1.681,-0.0017814727,2026-04-24
1.686,1.686,1.686,0.00297442,2026-04-27
1.686,1.686,1.686,0.0,2026-04-28
1.709,1.709,1.709,0.0136417556,2026-04-29
1.7,1.7,1.7,-0.0052662376,2026-04-30
1.731,1.731,1.731,0.0182352941,2026-05-06
1.752,1.752,1.752,0.0121317158,2026-05-07
1.755,1.755,1.755,0.0017123288,2026-05-08
1.751,1.751,1.751,-0.0022792023,2026-05-11
1.748,1.748,1.748,-0.0017133067,2026-05-12
1.753,1.753,1.753,0.0028604119,2026-05-13
1.732,1.732,1.732,-0.0119794638,2026-05-14
1.699,1.699,1.699,-0.0190531178,2026-05-15
1.667,1.667,1.667,-0.0188346086,2026-05-18
1.67,1.67,1.67,0.0017996401,2026-05-19
1.659,1.659,1.659,-0.0065868263,2026-05-20
1.63,1.63,1.63,-0.0174804099,2026-05-21
1.624,1.624,1.624,-0.0036809816,2026-05-22
1.619,1.619,1.619,-0.0030788177,2026-05-25
1.618,1.618,1.618,-0.0006176652,2026-05-26
1.6,1.6,1.6,-0.0111248455,2026-05-27
